# C2H2 cross sections
# #photoabsorption   -- Photoabsorption cross section (cm2)
# #photodissociation -- Photodissociation cross section (cm2)
# #photoionisation   -- Photoionisation cross section (cm2)
# #This version has been resampled to a uniform 0.1nm grid while maintaining a constant integrated cross section (using trapezoidal integration).
# #wavelength photoabsorption photodissociation photoionisation
9.120000e+01 4.257000e-17 0.000000e+00 4.257000e-17
9.220000e+01 4.298900e-17 0.000000e+00 4.298900e-17
9.320000e+01 4.220844e-17 0.000000e+00 4.220844e-17
9.420000e+01 4.142789e-17 0.000000e+00 4.142789e-17
9.520000e+01 4.064733e-17 0.000000e+00 4.064733e-17
9.620000e+01 3.930600e-17 0.000000e+00 3.930600e-17
9.720000e+01 3.778758e-17 0.000000e+00 3.778758e-17
9.820000e+01 3.626916e-17 0.000000e+00 3.626916e-17
9.920000e+01 3.475074e-17 0.000000e+00 3.475074e-17
1.002000e+02 3.399526e-17 0.000000e+00 3.399526e-17
1.012000e+02 3.327158e-17 0.000000e+00 3.327158e-17
1.022000e+02 3.254789e-17 0.000000e+00 3.254789e-17
1.032000e+02 3.170640e-17 2.299890e-19 3.147641e-17
1.042000e+02 3.024642e-17 1.667420e-18 2.857900e-17
1.052000e+02 2.878644e-17 3.104851e-18 2.568158e-17
1.062000e+02 2.814028e-17 4.289917e-18 2.385036e-17
1.072000e+02 2.728432e-17 9.668903e-18 1.761541e-17
1.082000e+02 2.691235e-17 1.038354e-17 1.652881e-17
1.092000e+02 2.830783e-17 2.734523e-17 9.626045e-19
1.102000e+02 1.878500e-17 1.878500e-17 0.000000e+00
1.112000e+02 1.692100e-17 1.692100e-17 0.000000e+00
1.122000e+02 1.105300e-17 1.105300e-17 0.000000e+00
1.132000e+02 8.677000e-17 8.677000e-17 0.000000e+00
1.142000e+02 4.504160e-17 4.504160e-17 0.000000e+00
1.152000e+02 6.845200e-18 6.845200e-18 0.000000e+00
1.162000e+02 5.945800e-18 5.945800e-18 0.000000e+00
1.172000e+02 4.304400e-17 4.304400e-17 0.000000e+00
1.182000e+02 3.634300e-18 3.634300e-18 0.000000e+00
1.192000e+02 2.042500e-17 2.042500e-17 0.000000e+00
1.202000e+02 3.771600e-17 3.771600e-17 0.000000e+00
1.212000e+02 3.912100e-18 3.912100e-18 0.000000e+00
1.222000e+02 4.729620e-17 4.729620e-17 0.000000e+00
1.232000e+02 4.694500e-18 4.694500e-18 0.000000e+00
1.242000e+02 2.905700e-17 2.905700e-17 0.000000e+00
1.252000e+02 4.195000e-18 4.195000e-18 0.000000e+00
1.262000e+02 3.763200e-18 3.763200e-18 0.000000e+00
1.272000e+02 6.186000e-18 6.186000e-18 0.000000e+00
1.282000e+02 8.055000e-17 8.055000e-17 0.000000e+00
1.292000e+02 1.848500e-17 1.848500e-17 0.000000e+00
1.302000e+02 2.637000e-17 2.637000e-17 0.000000e+00
1.312000e+02 1.604500e-16 1.604500e-16 0.000000e+00
1.322000e+02 1.883000e-17 1.883000e-17 0.000000e+00
1.332000e+02 2.019000e-17 2.019000e-17 0.000000e+00
1.342000e+02 8.162000e-17 8.162000e-17 0.000000e+00
1.352000e+02 1.625822e-17 1.625822e-17 0.000000e+00
1.362000e+02 8.664500e-18 8.664500e-18 0.000000e+00
1.372000e+02 4.117200e-18 4.117200e-18 0.000000e+00
1.382000e+02 2.574300e-18 2.574300e-18 0.000000e+00
1.392000e+02 4.315000e-18 4.315000e-18 0.000000e+00
1.402000e+02 6.838000e-18 6.838000e-18 0.000000e+00
1.412000e+02 5.411000e-18 5.411000e-18 0.000000e+00
1.422000e+02 3.108200e-18 3.108200e-18 0.000000e+00
1.432000e+02 2.085700e-18 2.085700e-18 0.000000e+00
1.442000e+02 1.301000e-17 1.301000e-17 0.000000e+00
1.452000e+02 4.188600e-18 4.188600e-18 0.000000e+00
1.462000e+02 3.260800e-18 3.260800e-18 0.000000e+00
1.472000e+02 8.879000e-18 8.879000e-18 0.000000e+00
1.482000e+02 3.975000e-17 3.975000e-17 0.000000e+00
1.492000e+02 1.518500e-18 1.518500e-18 0.000000e+00
1.502000e+02 1.937500e-18 1.937500e-18 0.000000e+00
1.512000e+02 1.462800e-17 1.462800e-17 0.000000e+00
1.522000e+02 1.301200e-16 1.301200e-16 0.000000e+00
1.532000e+02 1.125700e-18 1.125700e-18 0.000000e+00
1.542000e+02 8.316242e-19 8.316242e-19 0.000000e+00
1.552000e+02 5.203000e-19 5.203000e-19 0.000000e+00
1.562000e+02 4.596382e-19 4.596382e-19 0.000000e+00
1.572000e+02 5.582727e-19 5.582727e-19 0.000000e+00
1.582000e+02 4.685818e-19 4.685818e-19 0.000000e+00
1.592000e+02 7.003824e-19 7.003824e-19 0.000000e+00
1.602000e+02 5.556242e-19 5.556242e-19 0.000000e+00
1.612000e+02 7.895667e-19 7.895667e-19 0.000000e+00
1.622000e+02 6.948618e-19 6.948618e-19 0.000000e+00
1.632000e+02 1.026239e-18 1.026239e-18 0.000000e+00
1.642000e+02 8.306515e-19 8.306515e-19 0.000000e+00
1.652000e+02 1.161882e-18 1.161882e-18 0.000000e+00
1.662000e+02 8.825485e-19 8.825485e-19 0.000000e+00
1.672000e+02 1.125242e-18 1.125242e-18 0.000000e+00
1.682000e+02 8.981294e-19 8.981294e-19 0.000000e+00
1.692000e+02 1.275455e-18 1.275455e-18 0.000000e+00
1.702000e+02 8.195000e-19 8.195000e-19 0.000000e+00
1.712000e+02 1.262324e-18 1.262324e-18 0.000000e+00
1.722000e+02 7.062697e-19 7.062697e-19 0.000000e+00
1.732000e+02 1.389879e-18 1.389879e-18 0.000000e+00
1.742000e+02 6.224676e-19 6.224676e-19 0.000000e+00
1.752000e+02 1.164152e-18 1.164152e-18 0.000000e+00
1.762000e+02 8.329909e-19 8.329909e-19 0.000000e+00
1.772000e+02 1.094203e-18 1.094203e-18 0.000000e+00
1.782000e+02 6.913242e-19 6.913242e-19 0.000000e+00
1.792000e+02 6.107970e-19 6.107970e-19 0.000000e+00
1.802000e+02 1.102824e-18 1.102824e-18 0.000000e+00
1.812000e+02 3.462697e-19 3.462697e-19 0.000000e+00
1.822000e+02 5.825758e-19 5.825758e-19 0.000000e+00
1.832000e+02 4.420706e-19 4.420706e-19 0.000000e+00
1.842000e+02 2.501667e-19 2.501667e-19 0.000000e+00
1.852000e+02 3.409303e-19 3.409303e-19 0.000000e+00
1.862000e+02 2.162971e-19 2.162971e-19 0.000000e+00
1.872000e+02 8.068182e-20 8.068182e-20 0.000000e+00
1.882000e+02 2.341182e-19 2.341182e-19 0.000000e+00
1.892000e+02 1.135124e-19 1.135124e-19 0.000000e+00
1.902000e+02 5.213848e-20 5.213848e-20 0.000000e+00
1.912000e+02 2.275788e-19 2.275788e-19 0.000000e+00
1.922000e+02 1.114194e-19 1.114194e-19 0.000000e+00
1.932000e+02 1.164627e-19 1.164627e-19 0.000000e+00
1.942000e+02 7.057212e-20 7.057212e-20 0.000000e+00
1.952000e+02 4.762765e-20 4.762765e-20 0.000000e+00
1.962000e+02 1.082424e-19 1.082424e-19 0.000000e+00
1.972000e+02 3.527788e-20 3.527788e-20 0.000000e+00
1.982000e+02 1.283324e-19 1.283324e-19 0.000000e+00
1.992000e+02 4.580788e-20 4.580788e-20 0.000000e+00
2.002000e+02 9.393515e-20 9.393515e-20 0.000000e+00
2.012000e+02 2.011059e-20 2.011059e-20 0.000000e+00
2.022000e+02 3.609242e-20 3.609242e-20 0.000000e+00
2.032000e+02 1.532033e-20 1.532033e-20 0.000000e+00
2.042000e+02 2.288588e-20 2.288588e-20 0.000000e+00
2.052000e+02 1.540182e-20 1.540182e-20 0.000000e+00
2.062000e+02 1.267258e-20 1.267258e-20 0.000000e+00
2.072000e+02 1.497676e-20 1.497676e-20 0.000000e+00
2.082000e+02 2.536545e-20 2.536545e-20 0.000000e+00
2.092000e+02 6.753000e-21 6.753000e-21 0.000000e+00
2.102000e+02 1.104822e-20 1.104822e-20 0.000000e+00
2.112000e+02 6.149829e-21 6.149829e-21 0.000000e+00
2.122000e+02 9.527004e-21 9.527004e-21 0.000000e+00
2.132000e+02 1.429219e-20 1.429219e-20 0.000000e+00
2.142000e+02 2.894116e-21 2.894116e-21 0.000000e+00
2.152000e+02 1.908359e-20 1.908359e-20 0.000000e+00
2.162000e+02 1.418244e-20 1.418244e-20 0.000000e+00
2.172000e+02 8.470162e-21 3.297340e-21 0.000000e+00
2.182000e+02 7.299994e-21 0.000000e+00 0.000000e+00
2.192000e+02 0.000000e+00 0.000000e+00 0.000000e+00
2.202000e+02 4.150179e-21 0.000000e+00 0.000000e+00
2.212000e+02 1.728432e-20 0.000000e+00 0.000000e+00
2.222000e+02 8.559012e-21 0.000000e+00 0.000000e+00
2.232000e+02 7.405492e-21 0.000000e+00 0.000000e+00
2.242000e+02 1.095453e-20 0.000000e+00 0.000000e+00
2.252000e+02 2.364578e-21 0.000000e+00 0.000000e+00
2.262000e+02 9.398590e-21 0.000000e+00 0.000000e+00
2.272000e+02 7.559724e-21 0.000000e+00 0.000000e+00
2.282000e+02 1.566764e-20 0.000000e+00 0.000000e+00
2.292000e+02 9.828993e-21 0.000000e+00 0.000000e+00
2.302000e+02 1.074419e-20 0.000000e+00 0.000000e+00
2.312000e+02 7.479063e-21 0.000000e+00 0.000000e+00
2.322000e+02 8.216092e-21 0.000000e+00 0.000000e+00
2.332000e+02 1.772518e-21 0.000000e+00 0.000000e+00
2.342000e+02 4.931385e-21 0.000000e+00 0.000000e+00
2.352000e+02 2.676476e-21 0.000000e+00 0.000000e+00
2.362000e+02 1.841303e-21 0.000000e+00 0.000000e+00
2.372000e+02 5.614574e-21 0.000000e+00 0.000000e+00
2.382000e+02 9.953631e-21 0.000000e+00 0.000000e+00
2.392000e+02 8.322766e-21 0.000000e+00 0.000000e+00
2.402000e+02 1.465755e-21 0.000000e+00 0.000000e+00
2.412000e+02 7.838584e-22 0.000000e+00 0.000000e+00
2.422000e+02 4.370407e-21 0.000000e+00 0.000000e+00
2.432000e+02 4.026920e-21 0.000000e+00 0.000000e+00
2.442000e+02 5.069966e-21 0.000000e+00 0.000000e+00
2.452000e+02 4.702840e-21 0.000000e+00 0.000000e+00
2.462000e+02 2.902544e-21 0.000000e+00 0.000000e+00
2.472000e+02 1.451158e-21 0.000000e+00 0.000000e+00
2.482000e+02 4.669906e-21 0.000000e+00 0.000000e+00
2.492000e+02 2.026995e-21 0.000000e+00 0.000000e+00
2.502000e+02 5.024199e-21 0.000000e+00 0.000000e+00
2.512000e+02 7.823693e-21 0.000000e+00 0.000000e+00
2.522000e+02 1.726715e-21 0.000000e+00 0.000000e+00
2.532000e+02 3.209404e-21 0.000000e+00 0.000000e+00
2.542000e+02 3.032455e-22 0.000000e+00 0.000000e+00
2.552000e+02 3.466513e-21 0.000000e+00 0.000000e+00
2.562000e+02 4.744541e-21 0.000000e+00 0.000000e+00
2.572000e+02 5.274872e-21 0.000000e+00 0.000000e+00
2.582000e+02 2.342140e-21 0.000000e+00 0.000000e+00
2.592000e+02 3.675514e-21 0.000000e+00 0.000000e+00
2.602000e+02 3.127609e-21 0.000000e+00 0.000000e+00
2.612000e+02 4.660400e-22 0.000000e+00 0.000000e+00
2.622000e+02 5.041054e-21 0.000000e+00 0.000000e+00
2.632000e+02 1.402829e-21 0.000000e+00 0.000000e+00
2.642000e+02 7.275315e-21 0.000000e+00 0.000000e+00
2.652000e+02 1.747567e-21 0.000000e+00 0.000000e+00
2.662000e+02 9.575314e-22 0.000000e+00 0.000000e+00
2.672000e+02 3.833841e-22 0.000000e+00 0.000000e+00
2.682000e+02 4.958752e-22 0.000000e+00 0.000000e+00
2.692000e+02 0.000000e+00 0.000000e+00 0.000000e+00
2.702000e+02 2.312553e-21 0.000000e+00 0.000000e+00
2.712000e+02 3.653747e-21 0.000000e+00 0.000000e+00
2.722000e+02 6.048973e-21 0.000000e+00 0.000000e+00
2.732000e+02 1.003025e-21 0.000000e+00 0.000000e+00
2.742000e+02 1.599589e-21 0.000000e+00 0.000000e+00
2.752000e+02 1.527991e-21 0.000000e+00 0.000000e+00
2.762000e+02 3.621873e-21 0.000000e+00 0.000000e+00
2.772000e+02 1.645109e-21 0.000000e+00 0.000000e+00
2.782000e+02 2.377460e-21 0.000000e+00 0.000000e+00
2.792000e+02 1.375398e-21 0.000000e+00 0.000000e+00
2.802000e+02 1.863932e-21 0.000000e+00 0.000000e+00
2.812000e+02 0.000000e+00 0.000000e+00 0.000000e+00
2.822000e+02 2.791066e-21 0.000000e+00 0.000000e+00
2.832000e+02 1.122616e-21 0.000000e+00 0.000000e+00
2.842000e+02 1.291651e-21 0.000000e+00 0.000000e+00
2.852000e+02 3.078616e-21 0.000000e+00 0.000000e+00
2.862000e+02 1.449492e-22 0.000000e+00 0.000000e+00
2.872000e+02 0.000000e+00 0.000000e+00 0.000000e+00
2.882000e+02 1.465547e-21 0.000000e+00 0.000000e+00
2.892000e+02 0.000000e+00 0.000000e+00 0.000000e+00
2.902000e+02 1.000552e-21 0.000000e+00 0.000000e+00
2.912000e+02 0.000000e+00 0.000000e+00 0.000000e+00
2.922000e+02 1.554464e-22 0.000000e+00 0.000000e+00
2.932000e+02 0.000000e+00 0.000000e+00 0.000000e+00
2.942000e+02 0.000000e+00 0.000000e+00 0.000000e+00
2.952000e+02 0.000000e+00 0.000000e+00 0.000000e+00
2.962000e+02 2.258128e-22 0.000000e+00 0.000000e+00
2.972000e+02 4.085904e-22 0.000000e+00 0.000000e+00
2.982000e+02 4.108374e-23 0.000000e+00 0.000000e+00
2.992000e+02 0.000000e+00 0.000000e+00 0.000000e+00
3.002000e+02 0.000000e+00 0.000000e+00 0.000000e+00
3.012000e+02 0.000000e+00 0.000000e+00 0.000000e+00
3.022000e+02 0.000000e+00 0.000000e+00 0.000000e+00
3.032000e+02 0.000000e+00 0.000000e+00 0.000000e+00
3.042000e+02 0.000000e+00 0.000000e+00 0.000000e+00
3.052000e+02 0.000000e+00 0.000000e+00 0.000000e+00
3.062000e+02 0.000000e+00 0.000000e+00 0.000000e+00
3.072000e+02 0.000000e+00 0.000000e+00 0.000000e+00
3.082000e+02 0.000000e+00 0.000000e+00 0.000000e+00
3.092000e+02 0.000000e+00 0.000000e+00 0.000000e+00
3.102000e+02 0.000000e+00 0.000000e+00 0.000000e+00
3.112000e+02 0.000000e+00 0.000000e+00 0.000000e+00
3.122000e+02 0.000000e+00 0.000000e+00 0.000000e+00
3.132000e+02 0.000000e+00 0.000000e+00 0.000000e+00
3.142000e+02 0.000000e+00 0.000000e+00 0.000000e+00
3.152000e+02 0.000000e+00 0.000000e+00 0.000000e+00
3.162000e+02 0.000000e+00 0.000000e+00 0.000000e+00
3.172000e+02 0.000000e+00 0.000000e+00 0.000000e+00
3.182000e+02 0.000000e+00 0.000000e+00 0.000000e+00
3.192000e+02 0.000000e+00 0.000000e+00 0.000000e+00
3.202000e+02 0.000000e+00 0.000000e+00 0.000000e+00
3.212000e+02 0.000000e+00 0.000000e+00 0.000000e+00
3.222000e+02 0.000000e+00 0.000000e+00 0.000000e+00
3.232000e+02 0.000000e+00 0.000000e+00 0.000000e+00
3.242000e+02 0.000000e+00 0.000000e+00 0.000000e+00
3.252000e+02 0.000000e+00 0.000000e+00 0.000000e+00
3.262000e+02 0.000000e+00 0.000000e+00 0.000000e+00
3.272000e+02 0.000000e+00 0.000000e+00 0.000000e+00
3.282000e+02 0.000000e+00 0.000000e+00 0.000000e+00
3.292000e+02 0.000000e+00 0.000000e+00 0.000000e+00
3.302000e+02 0.000000e+00 0.000000e+00 0.000000e+00
3.312000e+02 0.000000e+00 0.000000e+00 0.000000e+00
3.322000e+02 0.000000e+00 0.000000e+00 0.000000e+00
3.332000e+02 0.000000e+00 0.000000e+00 0.000000e+00
3.342000e+02 0.000000e+00 0.000000e+00 0.000000e+00
3.352000e+02 0.000000e+00 0.000000e+00 0.000000e+00
3.362000e+02 0.000000e+00 0.000000e+00 0.000000e+00
3.372000e+02 0.000000e+00 0.000000e+00 0.000000e+00
3.382000e+02 0.000000e+00 0.000000e+00 0.000000e+00
3.392000e+02 0.000000e+00 0.000000e+00 0.000000e+00
3.402000e+02 0.000000e+00 0.000000e+00 0.000000e+00
3.412000e+02 0.000000e+00 0.000000e+00 0.000000e+00
3.422000e+02 0.000000e+00 0.000000e+00 0.000000e+00
3.432000e+02 0.000000e+00 0.000000e+00 0.000000e+00
3.442000e+02 0.000000e+00 0.000000e+00 0.000000e+00
3.452000e+02 0.000000e+00 0.000000e+00 0.000000e+00
3.462000e+02 0.000000e+00 0.000000e+00 0.000000e+00
3.472000e+02 0.000000e+00 0.000000e+00 0.000000e+00
3.482000e+02 0.000000e+00 0.000000e+00 0.000000e+00
3.492000e+02 0.000000e+00 0.000000e+00 0.000000e+00
3.502000e+02 0.000000e+00 0.000000e+00 0.000000e+00
3.512000e+02 0.000000e+00 0.000000e+00 0.000000e+00
3.522000e+02 0.000000e+00 0.000000e+00 0.000000e+00
3.532000e+02 0.000000e+00 0.000000e+00 0.000000e+00
3.542000e+02 0.000000e+00 0.000000e+00 0.000000e+00
3.552000e+02 0.000000e+00 0.000000e+00 0.000000e+00
3.562000e+02 0.000000e+00 0.000000e+00 0.000000e+00
3.572000e+02 0.000000e+00 0.000000e+00 0.000000e+00
3.582000e+02 0.000000e+00 0.000000e+00 0.000000e+00
3.592000e+02 0.000000e+00 0.000000e+00 0.000000e+00
3.602000e+02 0.000000e+00 0.000000e+00 0.000000e+00
3.612000e+02 0.000000e+00 0.000000e+00 0.000000e+00
3.622000e+02 0.000000e+00 0.000000e+00 0.000000e+00
3.632000e+02 0.000000e+00 0.000000e+00 0.000000e+00
3.642000e+02 0.000000e+00 0.000000e+00 0.000000e+00
3.652000e+02 0.000000e+00 0.000000e+00 0.000000e+00
3.662000e+02 0.000000e+00 0.000000e+00 0.000000e+00
3.672000e+02 0.000000e+00 0.000000e+00 0.000000e+00
3.682000e+02 0.000000e+00 0.000000e+00 0.000000e+00
3.692000e+02 0.000000e+00 0.000000e+00 0.000000e+00
3.702000e+02 0.000000e+00 0.000000e+00 0.000000e+00
3.712000e+02 0.000000e+00 0.000000e+00 0.000000e+00
3.722000e+02 0.000000e+00 0.000000e+00 0.000000e+00
3.732000e+02 0.000000e+00 0.000000e+00 0.000000e+00
3.742000e+02 0.000000e+00 0.000000e+00 0.000000e+00
3.752000e+02 0.000000e+00 0.000000e+00 0.000000e+00
3.762000e+02 0.000000e+00 0.000000e+00 0.000000e+00
3.772000e+02 0.000000e+00 0.000000e+00 0.000000e+00
3.782000e+02 0.000000e+00 0.000000e+00 0.000000e+00
3.792000e+02 0.000000e+00 0.000000e+00 0.000000e+00
3.802000e+02 0.000000e+00 0.000000e+00 0.000000e+00
3.812000e+02 0.000000e+00 0.000000e+00 0.000000e+00
3.822000e+02 0.000000e+00 0.000000e+00 0.000000e+00
3.832000e+02 0.000000e+00 0.000000e+00 0.000000e+00
3.842000e+02 0.000000e+00 0.000000e+00 0.000000e+00
3.852000e+02 0.000000e+00 0.000000e+00 0.000000e+00
3.862000e+02 0.000000e+00 0.000000e+00 0.000000e+00
3.872000e+02 0.000000e+00 0.000000e+00 0.000000e+00
3.882000e+02 0.000000e+00 0.000000e+00 0.000000e+00
3.892000e+02 0.000000e+00 0.000000e+00 0.000000e+00
3.902000e+02 0.000000e+00 0.000000e+00 0.000000e+00
3.912000e+02 0.000000e+00 0.000000e+00 0.000000e+00
3.922000e+02 0.000000e+00 0.000000e+00 0.000000e+00
3.932000e+02 0.000000e+00 0.000000e+00 0.000000e+00
3.942000e+02 0.000000e+00 0.000000e+00 0.000000e+00
3.952000e+02 0.000000e+00 0.000000e+00 0.000000e+00
3.962000e+02 0.000000e+00 0.000000e+00 0.000000e+00
3.972000e+02 0.000000e+00 0.000000e+00 0.000000e+00
3.982000e+02 0.000000e+00 0.000000e+00 0.000000e+00
3.992000e+02 0.000000e+00 0.000000e+00 0.000000e+00
