# C2H5OH cross sections
# #photoabsorption   -- Photoabsorption cross section (cm2)
# #photodissociation -- Photodissociation cross section (cm2)
# #photoionisation   -- Photoionisation cross section (cm2)
# #This version has been resampled to a uniform 0.1nm grid while maintaining a constant integrated cross section (using trapezoidal integration).
# #wavelength photoabsorption photodissociation photoionisation
9.120000e+01 7.170874e-17 2.291902e-17 4.878972e-17
9.220000e+01 7.000875e-17 2.387889e-17 4.612987e-17
9.320000e+01 6.784234e-17 2.424707e-17 4.359527e-17
9.420000e+01 6.640364e-17 2.534296e-17 4.106068e-17
9.520000e+01 6.495145e-17 2.642537e-17 3.852608e-17
9.620000e+01 6.322003e-17 2.722854e-17 3.599149e-17
9.720000e+01 6.161226e-17 2.815537e-17 3.345689e-17
9.820000e+01 5.922725e-17 2.830495e-17 3.092230e-17
9.920000e+01 5.688310e-17 2.849540e-17 2.838771e-17
1.002000e+02 5.450207e-17 2.864896e-17 2.585311e-17
1.012000e+02 5.221365e-17 2.889514e-17 2.331852e-17
1.022000e+02 4.988310e-17 2.909918e-17 2.078392e-17
1.032000e+02 4.831666e-17 3.006733e-17 1.824933e-17
1.042000e+02 4.678490e-17 3.107016e-17 1.571474e-17
1.052000e+02 4.611755e-17 3.293741e-17 1.318014e-17
1.062000e+02 4.550757e-17 3.453178e-17 1.097579e-17
1.072000e+02 4.518537e-17 3.475715e-17 1.042822e-17
1.082000e+02 4.486317e-17 3.498252e-17 9.880646e-18
1.092000e+02 4.375739e-17 3.442360e-17 9.333790e-18
1.102000e+02 4.224133e-17 3.342642e-17 8.814917e-18
1.112000e+02 4.044874e-17 3.225647e-17 8.192273e-18
1.122000e+02 3.852761e-17 3.115593e-17 7.371681e-18
1.132000e+02 3.752854e-17 3.092231e-17 6.606229e-18
1.142000e+02 3.661743e-17 3.092331e-17 5.694115e-18
1.152000e+02 3.572070e-17 3.116758e-17 4.553117e-18
1.162000e+02 3.459015e-17 3.103783e-17 3.552316e-18
1.172000e+02 3.341476e-17 3.083637e-17 2.578399e-18
1.182000e+02 3.171545e-17 3.064064e-17 1.074810e-18
1.192000e+02 2.944625e-17 2.928943e-17 1.568214e-19
1.202000e+02 2.799903e-17 2.795626e-17 4.276590e-20
1.212000e+02 2.641470e-17 2.639951e-17 1.518990e-20
1.222000e+02 2.513092e-17 2.513092e-17 0.000000e+00
1.232000e+02 2.382513e-17 2.382513e-17 0.000000e+00
1.242000e+02 2.371353e-17 2.371353e-17 0.000000e+00
1.252000e+02 2.358997e-17 2.358997e-17 0.000000e+00
1.262000e+02 2.413653e-17 2.413653e-17 0.000000e+00
1.272000e+02 2.472410e-17 2.472410e-17 0.000000e+00
1.282000e+02 2.495531e-17 2.495531e-17 0.000000e+00
1.292000e+02 2.525094e-17 2.525094e-17 0.000000e+00
1.302000e+02 2.530056e-17 2.530056e-17 0.000000e+00
1.312000e+02 2.503894e-17 2.503894e-17 0.000000e+00
1.322000e+02 2.446771e-17 2.446771e-17 0.000000e+00
1.332000e+02 2.266659e-17 2.266659e-17 0.000000e+00
1.342000e+02 2.011740e-17 2.011740e-17 0.000000e+00
1.352000e+02 1.713861e-17 1.713861e-17 0.000000e+00
1.362000e+02 1.507196e-17 1.507196e-17 0.000000e+00
1.372000e+02 1.374570e-17 1.374570e-17 0.000000e+00
1.382000e+02 1.233526e-17 1.233526e-17 0.000000e+00
1.392000e+02 1.119890e-17 1.119890e-17 0.000000e+00
1.402000e+02 1.011150e-17 1.011150e-17 0.000000e+00
1.412000e+02 8.365836e-18 8.365836e-18 0.000000e+00
1.422000e+02 6.919998e-18 6.919998e-18 0.000000e+00
1.432000e+02 5.682587e-18 5.682587e-18 0.000000e+00
1.442000e+02 5.191382e-18 5.191382e-18 0.000000e+00
1.452000e+02 5.351327e-18 5.351327e-18 0.000000e+00
1.462000e+02 5.898542e-18 5.898542e-18 0.000000e+00
1.472000e+02 7.022146e-18 7.022146e-18 0.000000e+00
1.482000e+02 8.235282e-18 8.235282e-18 0.000000e+00
1.492000e+02 9.580769e-18 9.580769e-18 0.000000e+00
1.502000e+02 1.146618e-17 1.146618e-17 0.000000e+00
1.512000e+02 1.317172e-17 1.317172e-17 0.000000e+00
1.522000e+02 1.457025e-17 1.457025e-17 0.000000e+00
1.532000e+02 1.456305e-17 1.456305e-17 0.000000e+00
1.542000e+02 1.417052e-17 1.417052e-17 0.000000e+00
1.552000e+02 1.237743e-17 1.237743e-17 0.000000e+00
1.562000e+02 1.001585e-17 1.001585e-17 0.000000e+00
1.572000e+02 8.094666e-18 8.094666e-18 0.000000e+00
1.582000e+02 6.624410e-18 6.624410e-18 0.000000e+00
1.592000e+02 5.837740e-18 5.837740e-18 0.000000e+00
1.602000e+02 5.562411e-18 5.562411e-18 0.000000e+00
1.612000e+02 4.990061e-18 4.990061e-18 0.000000e+00
1.622000e+02 3.841282e-18 3.841282e-18 0.000000e+00
1.632000e+02 3.002659e-18 3.002659e-18 0.000000e+00
1.642000e+02 1.774398e-18 1.774398e-18 0.000000e+00
1.652000e+02 1.052453e-18 1.052453e-18 0.000000e+00
1.662000e+02 8.178572e-19 8.178572e-19 0.000000e+00
1.672000e+02 7.054411e-19 7.054411e-19 0.000000e+00
1.682000e+02 6.839260e-19 6.839260e-19 0.000000e+00
1.692000e+02 7.256225e-19 7.256225e-19 0.000000e+00
1.702000e+02 7.406548e-19 7.406548e-19 0.000000e+00
1.712000e+02 7.669011e-19 7.669011e-19 0.000000e+00
1.722000e+02 7.972009e-19 7.972009e-19 0.000000e+00
1.732000e+02 8.174056e-19 8.174056e-19 0.000000e+00
1.742000e+02 8.725967e-19 8.725967e-19 0.000000e+00
1.752000e+02 9.928166e-19 9.928166e-19 0.000000e+00
1.762000e+02 1.054797e-18 1.054797e-18 0.000000e+00
1.772000e+02 1.079418e-18 1.079418e-18 0.000000e+00
1.782000e+02 1.082540e-18 1.082540e-18 0.000000e+00
1.792000e+02 1.117759e-18 1.117759e-18 0.000000e+00
1.802000e+02 1.162168e-18 1.162168e-18 0.000000e+00
1.812000e+02 1.154505e-18 1.154505e-18 0.000000e+00
1.822000e+02 1.195871e-18 1.195871e-18 0.000000e+00
1.832000e+02 1.222934e-18 1.222934e-18 0.000000e+00
1.842000e+02 1.179991e-18 1.179991e-18 0.000000e+00
1.852000e+02 1.132809e-18 1.132809e-18 0.000000e+00
1.862000e+02 1.069487e-18 1.069487e-18 0.000000e+00
1.872000e+02 1.006723e-18 1.006723e-18 0.000000e+00
1.882000e+02 9.048245e-19 9.048245e-19 0.000000e+00
1.892000e+02 8.696530e-19 8.696530e-19 0.000000e+00
1.902000e+02 7.517105e-19 7.517105e-19 0.000000e+00
1.912000e+02 7.180068e-19 7.180068e-19 0.000000e+00
1.922000e+02 6.152296e-19 6.152296e-19 0.000000e+00
1.932000e+02 4.947677e-19 4.947677e-19 0.000000e+00
1.942000e+02 4.923193e-19 4.923193e-19 0.000000e+00
1.952000e+02 4.285992e-19 4.285992e-19 0.000000e+00
1.962000e+02 3.714361e-19 3.714361e-19 0.000000e+00
1.972000e+02 2.913715e-19 2.913715e-19 0.000000e+00
1.982000e+02 2.510507e-19 2.510507e-19 0.000000e+00
1.992000e+02 2.138098e-19 2.138098e-19 0.000000e+00
2.002000e+02 1.581887e-19 1.581887e-19 0.000000e+00
2.012000e+02 1.745715e-19 1.745715e-19 0.000000e+00
2.022000e+02 0.000000e+00 0.000000e+00 0.000000e+00
2.032000e+02 0.000000e+00 0.000000e+00 0.000000e+00
2.042000e+02 0.000000e+00 0.000000e+00 0.000000e+00
2.052000e+02 0.000000e+00 0.000000e+00 0.000000e+00
2.062000e+02 0.000000e+00 0.000000e+00 0.000000e+00
2.072000e+02 0.000000e+00 0.000000e+00 0.000000e+00
2.082000e+02 0.000000e+00 0.000000e+00 0.000000e+00
2.092000e+02 0.000000e+00 0.000000e+00 0.000000e+00
2.102000e+02 0.000000e+00 0.000000e+00 0.000000e+00
2.112000e+02 0.000000e+00 0.000000e+00 0.000000e+00
2.122000e+02 0.000000e+00 0.000000e+00 0.000000e+00
2.132000e+02 0.000000e+00 0.000000e+00 0.000000e+00
2.142000e+02 0.000000e+00 0.000000e+00 0.000000e+00
2.152000e+02 0.000000e+00 0.000000e+00 0.000000e+00
2.162000e+02 0.000000e+00 0.000000e+00 0.000000e+00
2.172000e+02 0.000000e+00 0.000000e+00 0.000000e+00
2.182000e+02 0.000000e+00 0.000000e+00 0.000000e+00
2.192000e+02 0.000000e+00 0.000000e+00 0.000000e+00
2.202000e+02 0.000000e+00 0.000000e+00 0.000000e+00
2.212000e+02 0.000000e+00 0.000000e+00 0.000000e+00
2.222000e+02 0.000000e+00 0.000000e+00 0.000000e+00
2.232000e+02 0.000000e+00 0.000000e+00 0.000000e+00
2.242000e+02 0.000000e+00 0.000000e+00 0.000000e+00
2.252000e+02 0.000000e+00 0.000000e+00 0.000000e+00
2.262000e+02 0.000000e+00 0.000000e+00 0.000000e+00
2.272000e+02 0.000000e+00 0.000000e+00 0.000000e+00
2.282000e+02 0.000000e+00 0.000000e+00 0.000000e+00
2.292000e+02 0.000000e+00 0.000000e+00 0.000000e+00
2.302000e+02 0.000000e+00 0.000000e+00 0.000000e+00
2.312000e+02 0.000000e+00 0.000000e+00 0.000000e+00
2.322000e+02 0.000000e+00 0.000000e+00 0.000000e+00
2.332000e+02 0.000000e+00 0.000000e+00 0.000000e+00
2.342000e+02 0.000000e+00 0.000000e+00 0.000000e+00
2.352000e+02 0.000000e+00 0.000000e+00 0.000000e+00
2.362000e+02 0.000000e+00 0.000000e+00 0.000000e+00
2.372000e+02 0.000000e+00 0.000000e+00 0.000000e+00
2.382000e+02 0.000000e+00 0.000000e+00 0.000000e+00
2.392000e+02 0.000000e+00 0.000000e+00 0.000000e+00
2.402000e+02 0.000000e+00 0.000000e+00 0.000000e+00
2.412000e+02 0.000000e+00 0.000000e+00 0.000000e+00
2.422000e+02 0.000000e+00 0.000000e+00 0.000000e+00
2.432000e+02 0.000000e+00 0.000000e+00 0.000000e+00
2.442000e+02 0.000000e+00 0.000000e+00 0.000000e+00
2.452000e+02 0.000000e+00 0.000000e+00 0.000000e+00
2.462000e+02 0.000000e+00 0.000000e+00 0.000000e+00
2.472000e+02 0.000000e+00 0.000000e+00 0.000000e+00
2.482000e+02 0.000000e+00 0.000000e+00 0.000000e+00
2.492000e+02 0.000000e+00 0.000000e+00 0.000000e+00
2.502000e+02 0.000000e+00 0.000000e+00 0.000000e+00
2.512000e+02 0.000000e+00 0.000000e+00 0.000000e+00
2.522000e+02 0.000000e+00 0.000000e+00 0.000000e+00
2.532000e+02 0.000000e+00 0.000000e+00 0.000000e+00
2.542000e+02 0.000000e+00 0.000000e+00 0.000000e+00
2.552000e+02 0.000000e+00 0.000000e+00 0.000000e+00
2.562000e+02 0.000000e+00 0.000000e+00 0.000000e+00
2.572000e+02 0.000000e+00 0.000000e+00 0.000000e+00
2.582000e+02 0.000000e+00 0.000000e+00 0.000000e+00
2.592000e+02 0.000000e+00 0.000000e+00 0.000000e+00
2.602000e+02 0.000000e+00 0.000000e+00 0.000000e+00
2.612000e+02 0.000000e+00 0.000000e+00 0.000000e+00
2.622000e+02 0.000000e+00 0.000000e+00 0.000000e+00
2.632000e+02 0.000000e+00 0.000000e+00 0.000000e+00
2.642000e+02 0.000000e+00 0.000000e+00 0.000000e+00
2.652000e+02 0.000000e+00 0.000000e+00 0.000000e+00
2.662000e+02 0.000000e+00 0.000000e+00 0.000000e+00
2.672000e+02 0.000000e+00 0.000000e+00 0.000000e+00
2.682000e+02 0.000000e+00 0.000000e+00 0.000000e+00
2.692000e+02 0.000000e+00 0.000000e+00 0.000000e+00
2.702000e+02 0.000000e+00 0.000000e+00 0.000000e+00
2.712000e+02 0.000000e+00 0.000000e+00 0.000000e+00
2.722000e+02 0.000000e+00 0.000000e+00 0.000000e+00
2.732000e+02 0.000000e+00 0.000000e+00 0.000000e+00
2.742000e+02 0.000000e+00 0.000000e+00 0.000000e+00
2.752000e+02 0.000000e+00 0.000000e+00 0.000000e+00
2.762000e+02 0.000000e+00 0.000000e+00 0.000000e+00
2.772000e+02 0.000000e+00 0.000000e+00 0.000000e+00
2.782000e+02 0.000000e+00 0.000000e+00 0.000000e+00
2.792000e+02 0.000000e+00 0.000000e+00 0.000000e+00
2.802000e+02 0.000000e+00 0.000000e+00 0.000000e+00
2.812000e+02 0.000000e+00 0.000000e+00 0.000000e+00
2.822000e+02 0.000000e+00 0.000000e+00 0.000000e+00
2.832000e+02 0.000000e+00 0.000000e+00 0.000000e+00
2.842000e+02 0.000000e+00 0.000000e+00 0.000000e+00
2.852000e+02 0.000000e+00 0.000000e+00 0.000000e+00
2.862000e+02 0.000000e+00 0.000000e+00 0.000000e+00
2.872000e+02 0.000000e+00 0.000000e+00 0.000000e+00
2.882000e+02 0.000000e+00 0.000000e+00 0.000000e+00
2.892000e+02 0.000000e+00 0.000000e+00 0.000000e+00
2.902000e+02 0.000000e+00 0.000000e+00 0.000000e+00
2.912000e+02 0.000000e+00 0.000000e+00 0.000000e+00
2.922000e+02 0.000000e+00 0.000000e+00 0.000000e+00
2.932000e+02 0.000000e+00 0.000000e+00 0.000000e+00
2.942000e+02 0.000000e+00 0.000000e+00 0.000000e+00
2.952000e+02 0.000000e+00 0.000000e+00 0.000000e+00
2.962000e+02 0.000000e+00 0.000000e+00 0.000000e+00
2.972000e+02 0.000000e+00 0.000000e+00 0.000000e+00
2.982000e+02 0.000000e+00 0.000000e+00 0.000000e+00
2.992000e+02 0.000000e+00 0.000000e+00 0.000000e+00
3.002000e+02 0.000000e+00 0.000000e+00 0.000000e+00
3.012000e+02 0.000000e+00 0.000000e+00 0.000000e+00
3.022000e+02 0.000000e+00 0.000000e+00 0.000000e+00
3.032000e+02 0.000000e+00 0.000000e+00 0.000000e+00
3.042000e+02 0.000000e+00 0.000000e+00 0.000000e+00
3.052000e+02 0.000000e+00 0.000000e+00 0.000000e+00
3.062000e+02 0.000000e+00 0.000000e+00 0.000000e+00
3.072000e+02 0.000000e+00 0.000000e+00 0.000000e+00
3.082000e+02 0.000000e+00 0.000000e+00 0.000000e+00
3.092000e+02 0.000000e+00 0.000000e+00 0.000000e+00
3.102000e+02 0.000000e+00 0.000000e+00 0.000000e+00
3.112000e+02 0.000000e+00 0.000000e+00 0.000000e+00
3.122000e+02 0.000000e+00 0.000000e+00 0.000000e+00
3.132000e+02 0.000000e+00 0.000000e+00 0.000000e+00
3.142000e+02 0.000000e+00 0.000000e+00 0.000000e+00
3.152000e+02 0.000000e+00 0.000000e+00 0.000000e+00
3.162000e+02 0.000000e+00 0.000000e+00 0.000000e+00
3.172000e+02 0.000000e+00 0.000000e+00 0.000000e+00
3.182000e+02 0.000000e+00 0.000000e+00 0.000000e+00
3.192000e+02 0.000000e+00 0.000000e+00 0.000000e+00
3.202000e+02 0.000000e+00 0.000000e+00 0.000000e+00
3.212000e+02 0.000000e+00 0.000000e+00 0.000000e+00
3.222000e+02 0.000000e+00 0.000000e+00 0.000000e+00
3.232000e+02 0.000000e+00 0.000000e+00 0.000000e+00
3.242000e+02 0.000000e+00 0.000000e+00 0.000000e+00
3.252000e+02 0.000000e+00 0.000000e+00 0.000000e+00
3.262000e+02 0.000000e+00 0.000000e+00 0.000000e+00
3.272000e+02 0.000000e+00 0.000000e+00 0.000000e+00
3.282000e+02 0.000000e+00 0.000000e+00 0.000000e+00
3.292000e+02 0.000000e+00 0.000000e+00 0.000000e+00
3.302000e+02 0.000000e+00 0.000000e+00 0.000000e+00
3.312000e+02 0.000000e+00 0.000000e+00 0.000000e+00
3.322000e+02 0.000000e+00 0.000000e+00 0.000000e+00
3.332000e+02 0.000000e+00 0.000000e+00 0.000000e+00
3.342000e+02 0.000000e+00 0.000000e+00 0.000000e+00
3.352000e+02 0.000000e+00 0.000000e+00 0.000000e+00
3.362000e+02 0.000000e+00 0.000000e+00 0.000000e+00
3.372000e+02 0.000000e+00 0.000000e+00 0.000000e+00
3.382000e+02 0.000000e+00 0.000000e+00 0.000000e+00
3.392000e+02 0.000000e+00 0.000000e+00 0.000000e+00
3.402000e+02 0.000000e+00 0.000000e+00 0.000000e+00
3.412000e+02 0.000000e+00 0.000000e+00 0.000000e+00
3.422000e+02 0.000000e+00 0.000000e+00 0.000000e+00
3.432000e+02 0.000000e+00 0.000000e+00 0.000000e+00
3.442000e+02 0.000000e+00 0.000000e+00 0.000000e+00
3.452000e+02 0.000000e+00 0.000000e+00 0.000000e+00
3.462000e+02 0.000000e+00 0.000000e+00 0.000000e+00
3.472000e+02 0.000000e+00 0.000000e+00 0.000000e+00
3.482000e+02 0.000000e+00 0.000000e+00 0.000000e+00
3.492000e+02 0.000000e+00 0.000000e+00 0.000000e+00
3.502000e+02 0.000000e+00 0.000000e+00 0.000000e+00
3.512000e+02 0.000000e+00 0.000000e+00 0.000000e+00
3.522000e+02 0.000000e+00 0.000000e+00 0.000000e+00
3.532000e+02 0.000000e+00 0.000000e+00 0.000000e+00
3.542000e+02 0.000000e+00 0.000000e+00 0.000000e+00
3.552000e+02 0.000000e+00 0.000000e+00 0.000000e+00
3.562000e+02 0.000000e+00 0.000000e+00 0.000000e+00
3.572000e+02 0.000000e+00 0.000000e+00 0.000000e+00
3.582000e+02 0.000000e+00 0.000000e+00 0.000000e+00
3.592000e+02 0.000000e+00 0.000000e+00 0.000000e+00
3.602000e+02 0.000000e+00 0.000000e+00 0.000000e+00
3.612000e+02 0.000000e+00 0.000000e+00 0.000000e+00
3.622000e+02 0.000000e+00 0.000000e+00 0.000000e+00
3.632000e+02 0.000000e+00 0.000000e+00 0.000000e+00
3.642000e+02 0.000000e+00 0.000000e+00 0.000000e+00
3.652000e+02 0.000000e+00 0.000000e+00 0.000000e+00
3.662000e+02 0.000000e+00 0.000000e+00 0.000000e+00
3.672000e+02 0.000000e+00 0.000000e+00 0.000000e+00
3.682000e+02 0.000000e+00 0.000000e+00 0.000000e+00
3.692000e+02 0.000000e+00 0.000000e+00 0.000000e+00
3.702000e+02 0.000000e+00 0.000000e+00 0.000000e+00
3.712000e+02 0.000000e+00 0.000000e+00 0.000000e+00
3.722000e+02 0.000000e+00 0.000000e+00 0.000000e+00
3.732000e+02 0.000000e+00 0.000000e+00 0.000000e+00
3.742000e+02 0.000000e+00 0.000000e+00 0.000000e+00
3.752000e+02 0.000000e+00 0.000000e+00 0.000000e+00
3.762000e+02 0.000000e+00 0.000000e+00 0.000000e+00
3.772000e+02 0.000000e+00 0.000000e+00 0.000000e+00
3.782000e+02 0.000000e+00 0.000000e+00 0.000000e+00
3.792000e+02 0.000000e+00 0.000000e+00 0.000000e+00
3.802000e+02 0.000000e+00 0.000000e+00 0.000000e+00
3.812000e+02 0.000000e+00 0.000000e+00 0.000000e+00
3.822000e+02 0.000000e+00 0.000000e+00 0.000000e+00
3.832000e+02 0.000000e+00 0.000000e+00 0.000000e+00
3.842000e+02 0.000000e+00 0.000000e+00 0.000000e+00
3.852000e+02 0.000000e+00 0.000000e+00 0.000000e+00
3.862000e+02 0.000000e+00 0.000000e+00 0.000000e+00
3.872000e+02 0.000000e+00 0.000000e+00 0.000000e+00
3.882000e+02 0.000000e+00 0.000000e+00 0.000000e+00
3.892000e+02 0.000000e+00 0.000000e+00 0.000000e+00
3.902000e+02 0.000000e+00 0.000000e+00 0.000000e+00
3.912000e+02 0.000000e+00 0.000000e+00 0.000000e+00
3.922000e+02 0.000000e+00 0.000000e+00 0.000000e+00
3.932000e+02 0.000000e+00 0.000000e+00 0.000000e+00
3.942000e+02 0.000000e+00 0.000000e+00 0.000000e+00
3.952000e+02 0.000000e+00 0.000000e+00 0.000000e+00
3.962000e+02 0.000000e+00 0.000000e+00 0.000000e+00
3.972000e+02 0.000000e+00 0.000000e+00 0.000000e+00
3.982000e+02 0.000000e+00 0.000000e+00 0.000000e+00
3.992000e+02 0.000000e+00 0.000000e+00 0.000000e+00
