# CH3 cross sections
# #photoabsorption   -- Photoabsorption cross section (cm2)
# #photodissociation -- Photodissociation cross section (cm2)
# #photoionisation   -- Photoionisation cross section (cm2)
# #This version has been resampled to a uniform 0.1nm grid while maintaining a constant integrated cross section (using trapezoidal integration).
# #wavelength photoabsorption photodissociation photoionisation
9.120000e+01 7.443940e-18 0.000000e+00 7.443940e-18
9.220000e+01 7.443940e-18 0.000000e+00 7.443940e-18
9.320000e+01 7.443940e-18 0.000000e+00 7.443940e-18
9.420000e+01 7.443940e-18 0.000000e+00 7.443940e-18
9.520000e+01 7.443940e-18 0.000000e+00 7.443940e-18
9.620000e+01 7.443940e-18 0.000000e+00 7.443940e-18
9.720000e+01 7.443940e-18 0.000000e+00 7.443940e-18
9.820000e+01 7.443940e-18 0.000000e+00 7.443940e-18
9.920000e+01 7.443940e-18 0.000000e+00 7.443940e-18
1.002000e+02 7.443940e-18 0.000000e+00 7.443940e-18
1.012000e+02 7.443940e-18 0.000000e+00 7.443940e-18
1.022000e+02 7.443940e-18 0.000000e+00 7.443940e-18
1.032000e+02 7.443940e-18 0.000000e+00 7.443940e-18
1.042000e+02 7.443940e-18 0.000000e+00 7.443940e-18
1.052000e+02 7.443940e-18 0.000000e+00 7.443940e-18
1.062000e+02 7.443940e-18 0.000000e+00 7.443940e-18
1.072000e+02 7.443940e-18 0.000000e+00 7.443940e-18
1.082000e+02 7.495572e-18 0.000000e+00 7.495572e-18
1.092000e+02 7.572481e-18 0.000000e+00 7.572481e-18
1.102000e+02 7.201478e-18 0.000000e+00 7.201478e-18
1.112000e+02 6.908237e-18 0.000000e+00 6.908237e-18
1.122000e+02 6.821399e-18 0.000000e+00 6.821399e-18
1.132000e+02 7.234587e-18 0.000000e+00 7.234587e-18
1.142000e+02 6.964741e-18 1.725981e-307 6.964741e-18
1.152000e+02 6.793766e-18 2.563304e-271 6.793766e-18
1.162000e+02 7.112684e-18 1.487046e-237 7.112684e-18
1.172000e+02 6.856634e-18 3.369837e-206 6.856634e-18
1.182000e+02 6.772515e-18 2.983000e-177 6.772515e-18
1.192000e+02 6.373606e-18 1.031473e-150 6.373606e-18
1.202000e+02 6.383486e-18 1.393228e-126 6.383486e-18
1.212000e+02 5.625384e-18 7.351003e-105 5.625384e-18
1.222000e+02 4.978662e-18 1.515064e-85 4.978662e-18
1.232000e+02 4.855392e-18 1.219764e-68 4.855392e-18
1.242000e+02 4.166462e-18 3.836015e-54 4.166462e-18
1.252000e+02 3.505056e-18 4.712430e-42 3.505056e-18
1.262000e+02 1.514432e-18 2.261359e-32 1.514432e-18
1.272000e+02 4.692585e-19 4.238911e-25 4.692581e-19
1.282000e+02 3.068924e-19 3.103838e-20 2.758541e-19
1.292000e+02 9.036593e-18 8.878595e-18 1.579974e-19
1.302000e+02 1.241063e-17 1.235138e-17 5.924986e-20
1.312000e+02 2.802575e-17 2.794651e-17 7.924316e-20
1.322000e+02 1.435582e-18 1.383269e-18 5.231242e-20
1.332000e+02 1.851158e-17 1.848620e-17 2.538168e-20
1.342000e+02 1.004620e-17 1.004468e-17 1.525677e-21
1.352000e+02 2.240914e-20 2.132012e-20 1.089022e-21
1.362000e+02 9.933974e-22 3.346132e-22 6.587842e-22
1.372000e+02 1.990575e-18 1.990341e-18 2.348585e-22
1.382000e+02 6.355249e-17 6.355249e-17 0.000000e+00
1.392000e+02 1.514794e-17 1.514794e-17 0.000000e+00
1.402000e+02 2.268478e-20 2.268478e-20 0.000000e+00
1.412000e+02 1.535452e-25 1.535452e-25 0.000000e+00
1.422000e+02 4.182702e-33 4.182702e-33 0.000000e+00
1.432000e+02 4.475283e-43 4.475283e-43 0.000000e+00
1.442000e+02 3.545647e-53 3.545647e-53 0.000000e+00
1.452000e+02 3.297274e-41 3.297274e-41 0.000000e+00
1.462000e+02 1.215082e-31 1.215082e-31 0.000000e+00
1.472000e+02 1.798773e-24 1.798773e-24 0.000000e+00
1.482000e+02 1.127762e-19 1.127762e-19 0.000000e+00
1.492000e+02 3.374929e-17 3.374929e-17 0.000000e+00
1.502000e+02 6.179375e-17 6.179375e-17 0.000000e+00
1.512000e+02 1.377488e-18 1.377488e-18 0.000000e+00
1.522000e+02 3.965455e-22 3.965455e-22 0.000000e+00
1.532000e+02 5.999384e-28 5.999384e-28 0.000000e+00
1.542000e+02 3.667328e-36 3.667328e-36 0.000000e+00
1.552000e+02 8.787032e-47 8.787032e-47 0.000000e+00
1.562000e+02 8.227097e-60 8.227097e-60 0.000000e+00
1.572000e+02 3.009031e-75 3.009031e-75 0.000000e+00
1.582000e+02 4.299009e-93 4.299009e-93 0.000000e+00
1.592000e+02 2.399221e-113 2.399221e-113 0.000000e+00
1.602000e+02 5.230366e-136 5.230366e-136 0.000000e+00
1.612000e+02 4.454040e-161 4.454040e-161 0.000000e+00
1.622000e+02 1.481617e-188 1.481617e-188 0.000000e+00
1.632000e+02 1.925210e-218 1.925210e-218 0.000000e+00
1.642000e+02 9.771926e-251 9.771926e-251 0.000000e+00
1.652000e+02 1.937503e-285 1.937503e-285 0.000000e+00
1.662000e+02 1.482197e-322 1.482197e-322 0.000000e+00
1.672000e+02 0.000000e+00 0.000000e+00 0.000000e+00
1.682000e+02 0.000000e+00 0.000000e+00 0.000000e+00
1.692000e+02 0.000000e+00 0.000000e+00 0.000000e+00
1.702000e+02 0.000000e+00 0.000000e+00 0.000000e+00
1.712000e+02 0.000000e+00 0.000000e+00 0.000000e+00
1.722000e+02 0.000000e+00 0.000000e+00 0.000000e+00
1.732000e+02 0.000000e+00 0.000000e+00 0.000000e+00
1.742000e+02 0.000000e+00 0.000000e+00 0.000000e+00
1.752000e+02 0.000000e+00 0.000000e+00 0.000000e+00
1.762000e+02 0.000000e+00 0.000000e+00 0.000000e+00
1.772000e+02 0.000000e+00 0.000000e+00 0.000000e+00
1.782000e+02 0.000000e+00 0.000000e+00 0.000000e+00
1.792000e+02 0.000000e+00 0.000000e+00 0.000000e+00
1.802000e+02 0.000000e+00 0.000000e+00 0.000000e+00
1.812000e+02 0.000000e+00 0.000000e+00 0.000000e+00
1.822000e+02 0.000000e+00 0.000000e+00 0.000000e+00
1.832000e+02 0.000000e+00 0.000000e+00 0.000000e+00
1.842000e+02 0.000000e+00 0.000000e+00 0.000000e+00
1.852000e+02 0.000000e+00 0.000000e+00 0.000000e+00
1.862000e+02 0.000000e+00 0.000000e+00 0.000000e+00
1.872000e+02 0.000000e+00 0.000000e+00 0.000000e+00
1.882000e+02 0.000000e+00 0.000000e+00 0.000000e+00
1.892000e+02 0.000000e+00 0.000000e+00 0.000000e+00
1.902000e+02 0.000000e+00 0.000000e+00 0.000000e+00
1.912000e+02 0.000000e+00 0.000000e+00 0.000000e+00
1.922000e+02 0.000000e+00 0.000000e+00 0.000000e+00
1.932000e+02 0.000000e+00 0.000000e+00 0.000000e+00
1.942000e+02 0.000000e+00 0.000000e+00 0.000000e+00
1.952000e+02 0.000000e+00 0.000000e+00 0.000000e+00
1.962000e+02 0.000000e+00 0.000000e+00 0.000000e+00
1.972000e+02 0.000000e+00 0.000000e+00 0.000000e+00
1.982000e+02 0.000000e+00 0.000000e+00 0.000000e+00
1.992000e+02 0.000000e+00 0.000000e+00 0.000000e+00
2.002000e+02 1.585016e-18 1.585016e-18 0.000000e+00
2.012000e+02 1.128007e-18 1.128007e-18 0.000000e+00
2.022000e+02 1.554070e-18 1.554070e-18 0.000000e+00
2.032000e+02 1.740970e-18 1.740970e-18 0.000000e+00
2.042000e+02 2.591973e-18 2.591973e-18 0.000000e+00
2.052000e+02 2.451159e-18 2.451159e-18 0.000000e+00
2.062000e+02 3.436368e-18 3.436368e-18 0.000000e+00
2.072000e+02 3.826682e-18 3.826682e-18 0.000000e+00
2.082000e+02 3.507513e-18 3.507513e-18 0.000000e+00
2.092000e+02 2.845504e-18 2.845504e-18 0.000000e+00
2.102000e+02 2.133665e-18 2.133665e-18 0.000000e+00
2.112000e+02 1.880064e-18 1.880064e-18 0.000000e+00
2.122000e+02 2.133677e-18 2.133677e-18 0.000000e+00
2.132000e+02 2.233073e-18 2.233073e-18 0.000000e+00
2.142000e+02 2.192424e-18 2.192424e-18 0.000000e+00
2.152000e+02 4.118292e-18 4.118292e-18 0.000000e+00
2.162000e+02 1.362522e-17 1.362522e-17 0.000000e+00
2.172000e+02 5.650753e-18 5.650753e-18 0.000000e+00
2.182000e+02 1.248975e-18 1.248975e-18 0.000000e+00
2.192000e+02 3.794722e-19 3.794722e-19 0.000000e+00
2.202000e+02 0.000000e+00 0.000000e+00 0.000000e+00
2.212000e+02 0.000000e+00 0.000000e+00 0.000000e+00
2.222000e+02 0.000000e+00 0.000000e+00 0.000000e+00
2.232000e+02 0.000000e+00 0.000000e+00 0.000000e+00
2.242000e+02 0.000000e+00 0.000000e+00 0.000000e+00
2.252000e+02 0.000000e+00 0.000000e+00 0.000000e+00
2.262000e+02 0.000000e+00 0.000000e+00 0.000000e+00
2.272000e+02 0.000000e+00 0.000000e+00 0.000000e+00
2.282000e+02 0.000000e+00 0.000000e+00 0.000000e+00
2.292000e+02 0.000000e+00 0.000000e+00 0.000000e+00
2.302000e+02 0.000000e+00 0.000000e+00 0.000000e+00
2.312000e+02 0.000000e+00 0.000000e+00 0.000000e+00
2.322000e+02 0.000000e+00 0.000000e+00 0.000000e+00
2.332000e+02 0.000000e+00 0.000000e+00 0.000000e+00
2.342000e+02 0.000000e+00 0.000000e+00 0.000000e+00
2.352000e+02 0.000000e+00 0.000000e+00 0.000000e+00
2.362000e+02 0.000000e+00 0.000000e+00 0.000000e+00
2.372000e+02 0.000000e+00 0.000000e+00 0.000000e+00
2.382000e+02 0.000000e+00 0.000000e+00 0.000000e+00
2.392000e+02 0.000000e+00 0.000000e+00 0.000000e+00
2.402000e+02 0.000000e+00 0.000000e+00 0.000000e+00
2.412000e+02 0.000000e+00 0.000000e+00 0.000000e+00
2.422000e+02 0.000000e+00 0.000000e+00 0.000000e+00
2.432000e+02 0.000000e+00 0.000000e+00 0.000000e+00
2.442000e+02 0.000000e+00 0.000000e+00 0.000000e+00
2.452000e+02 0.000000e+00 0.000000e+00 0.000000e+00
2.462000e+02 0.000000e+00 0.000000e+00 0.000000e+00
2.472000e+02 0.000000e+00 0.000000e+00 0.000000e+00
2.482000e+02 0.000000e+00 0.000000e+00 0.000000e+00
2.492000e+02 0.000000e+00 0.000000e+00 0.000000e+00
2.502000e+02 0.000000e+00 0.000000e+00 0.000000e+00
2.512000e+02 0.000000e+00 0.000000e+00 0.000000e+00
2.522000e+02 0.000000e+00 0.000000e+00 0.000000e+00
2.532000e+02 0.000000e+00 0.000000e+00 0.000000e+00
2.542000e+02 0.000000e+00 0.000000e+00 0.000000e+00
2.552000e+02 0.000000e+00 0.000000e+00 0.000000e+00
2.562000e+02 0.000000e+00 0.000000e+00 0.000000e+00
2.572000e+02 0.000000e+00 0.000000e+00 0.000000e+00
2.582000e+02 0.000000e+00 0.000000e+00 0.000000e+00
2.592000e+02 0.000000e+00 0.000000e+00 0.000000e+00
2.602000e+02 0.000000e+00 0.000000e+00 0.000000e+00
2.612000e+02 0.000000e+00 0.000000e+00 0.000000e+00
2.622000e+02 0.000000e+00 0.000000e+00 0.000000e+00
2.632000e+02 0.000000e+00 0.000000e+00 0.000000e+00
2.642000e+02 0.000000e+00 0.000000e+00 0.000000e+00
2.652000e+02 0.000000e+00 0.000000e+00 0.000000e+00
2.662000e+02 0.000000e+00 0.000000e+00 0.000000e+00
2.672000e+02 0.000000e+00 0.000000e+00 0.000000e+00
2.682000e+02 0.000000e+00 0.000000e+00 0.000000e+00
2.692000e+02 0.000000e+00 0.000000e+00 0.000000e+00
2.702000e+02 0.000000e+00 0.000000e+00 0.000000e+00
2.712000e+02 0.000000e+00 0.000000e+00 0.000000e+00
2.722000e+02 0.000000e+00 0.000000e+00 0.000000e+00
2.732000e+02 0.000000e+00 0.000000e+00 0.000000e+00
2.742000e+02 0.000000e+00 0.000000e+00 0.000000e+00
2.752000e+02 0.000000e+00 0.000000e+00 0.000000e+00
2.762000e+02 0.000000e+00 0.000000e+00 0.000000e+00
2.772000e+02 0.000000e+00 0.000000e+00 0.000000e+00
2.782000e+02 0.000000e+00 0.000000e+00 0.000000e+00
2.792000e+02 0.000000e+00 0.000000e+00 0.000000e+00
2.802000e+02 0.000000e+00 0.000000e+00 0.000000e+00
2.812000e+02 0.000000e+00 0.000000e+00 0.000000e+00
2.822000e+02 0.000000e+00 0.000000e+00 0.000000e+00
2.832000e+02 0.000000e+00 0.000000e+00 0.000000e+00
2.842000e+02 0.000000e+00 0.000000e+00 0.000000e+00
2.852000e+02 0.000000e+00 0.000000e+00 0.000000e+00
2.862000e+02 0.000000e+00 0.000000e+00 0.000000e+00
2.872000e+02 0.000000e+00 0.000000e+00 0.000000e+00
2.882000e+02 0.000000e+00 0.000000e+00 0.000000e+00
2.892000e+02 0.000000e+00 0.000000e+00 0.000000e+00
2.902000e+02 0.000000e+00 0.000000e+00 0.000000e+00
2.912000e+02 0.000000e+00 0.000000e+00 0.000000e+00
2.922000e+02 0.000000e+00 0.000000e+00 0.000000e+00
2.932000e+02 0.000000e+00 0.000000e+00 0.000000e+00
2.942000e+02 0.000000e+00 0.000000e+00 0.000000e+00
2.952000e+02 0.000000e+00 0.000000e+00 0.000000e+00
2.962000e+02 0.000000e+00 0.000000e+00 0.000000e+00
2.972000e+02 0.000000e+00 0.000000e+00 0.000000e+00
2.982000e+02 0.000000e+00 0.000000e+00 0.000000e+00
2.992000e+02 0.000000e+00 0.000000e+00 0.000000e+00
3.002000e+02 0.000000e+00 0.000000e+00 0.000000e+00
3.012000e+02 0.000000e+00 0.000000e+00 0.000000e+00
3.022000e+02 0.000000e+00 0.000000e+00 0.000000e+00
3.032000e+02 0.000000e+00 0.000000e+00 0.000000e+00
3.042000e+02 0.000000e+00 0.000000e+00 0.000000e+00
3.052000e+02 0.000000e+00 0.000000e+00 0.000000e+00
3.062000e+02 0.000000e+00 0.000000e+00 0.000000e+00
3.072000e+02 0.000000e+00 0.000000e+00 0.000000e+00
3.082000e+02 0.000000e+00 0.000000e+00 0.000000e+00
3.092000e+02 0.000000e+00 0.000000e+00 0.000000e+00
3.102000e+02 0.000000e+00 0.000000e+00 0.000000e+00
3.112000e+02 0.000000e+00 0.000000e+00 0.000000e+00
3.122000e+02 0.000000e+00 0.000000e+00 0.000000e+00
3.132000e+02 0.000000e+00 0.000000e+00 0.000000e+00
3.142000e+02 0.000000e+00 0.000000e+00 0.000000e+00
3.152000e+02 0.000000e+00 0.000000e+00 0.000000e+00
3.162000e+02 0.000000e+00 0.000000e+00 0.000000e+00
3.172000e+02 0.000000e+00 0.000000e+00 0.000000e+00
3.182000e+02 0.000000e+00 0.000000e+00 0.000000e+00
3.192000e+02 0.000000e+00 0.000000e+00 0.000000e+00
3.202000e+02 0.000000e+00 0.000000e+00 0.000000e+00
3.212000e+02 0.000000e+00 0.000000e+00 0.000000e+00
3.222000e+02 0.000000e+00 0.000000e+00 0.000000e+00
3.232000e+02 0.000000e+00 0.000000e+00 0.000000e+00
3.242000e+02 0.000000e+00 0.000000e+00 0.000000e+00
3.252000e+02 0.000000e+00 0.000000e+00 0.000000e+00
3.262000e+02 0.000000e+00 0.000000e+00 0.000000e+00
3.272000e+02 0.000000e+00 0.000000e+00 0.000000e+00
3.282000e+02 0.000000e+00 0.000000e+00 0.000000e+00
3.292000e+02 0.000000e+00 0.000000e+00 0.000000e+00
3.302000e+02 0.000000e+00 0.000000e+00 0.000000e+00
3.312000e+02 0.000000e+00 0.000000e+00 0.000000e+00
3.322000e+02 0.000000e+00 0.000000e+00 0.000000e+00
3.332000e+02 0.000000e+00 0.000000e+00 0.000000e+00
3.342000e+02 0.000000e+00 0.000000e+00 0.000000e+00
3.352000e+02 0.000000e+00 0.000000e+00 0.000000e+00
3.362000e+02 0.000000e+00 0.000000e+00 0.000000e+00
3.372000e+02 0.000000e+00 0.000000e+00 0.000000e+00
3.382000e+02 0.000000e+00 0.000000e+00 0.000000e+00
3.392000e+02 0.000000e+00 0.000000e+00 0.000000e+00
3.402000e+02 0.000000e+00 0.000000e+00 0.000000e+00
3.412000e+02 0.000000e+00 0.000000e+00 0.000000e+00
3.422000e+02 0.000000e+00 0.000000e+00 0.000000e+00
3.432000e+02 0.000000e+00 0.000000e+00 0.000000e+00
3.442000e+02 0.000000e+00 0.000000e+00 0.000000e+00
3.452000e+02 0.000000e+00 0.000000e+00 0.000000e+00
3.462000e+02 0.000000e+00 0.000000e+00 0.000000e+00
3.472000e+02 0.000000e+00 0.000000e+00 0.000000e+00
3.482000e+02 0.000000e+00 0.000000e+00 0.000000e+00
3.492000e+02 0.000000e+00 0.000000e+00 0.000000e+00
3.502000e+02 0.000000e+00 0.000000e+00 0.000000e+00
3.512000e+02 0.000000e+00 0.000000e+00 0.000000e+00
3.522000e+02 0.000000e+00 0.000000e+00 0.000000e+00
3.532000e+02 0.000000e+00 0.000000e+00 0.000000e+00
3.542000e+02 0.000000e+00 0.000000e+00 0.000000e+00
3.552000e+02 0.000000e+00 0.000000e+00 0.000000e+00
3.562000e+02 0.000000e+00 0.000000e+00 0.000000e+00
3.572000e+02 0.000000e+00 0.000000e+00 0.000000e+00
3.582000e+02 0.000000e+00 0.000000e+00 0.000000e+00
3.592000e+02 0.000000e+00 0.000000e+00 0.000000e+00
3.602000e+02 0.000000e+00 0.000000e+00 0.000000e+00
3.612000e+02 0.000000e+00 0.000000e+00 0.000000e+00
3.622000e+02 0.000000e+00 0.000000e+00 0.000000e+00
3.632000e+02 0.000000e+00 0.000000e+00 0.000000e+00
3.642000e+02 0.000000e+00 0.000000e+00 0.000000e+00
3.652000e+02 0.000000e+00 0.000000e+00 0.000000e+00
3.662000e+02 0.000000e+00 0.000000e+00 0.000000e+00
3.672000e+02 0.000000e+00 0.000000e+00 0.000000e+00
3.682000e+02 0.000000e+00 0.000000e+00 0.000000e+00
3.692000e+02 0.000000e+00 0.000000e+00 0.000000e+00
3.702000e+02 0.000000e+00 0.000000e+00 0.000000e+00
3.712000e+02 0.000000e+00 0.000000e+00 0.000000e+00
3.722000e+02 0.000000e+00 0.000000e+00 0.000000e+00
3.732000e+02 0.000000e+00 0.000000e+00 0.000000e+00
3.742000e+02 0.000000e+00 0.000000e+00 0.000000e+00
3.752000e+02 0.000000e+00 0.000000e+00 0.000000e+00
3.762000e+02 0.000000e+00 0.000000e+00 0.000000e+00
3.772000e+02 0.000000e+00 0.000000e+00 0.000000e+00
3.782000e+02 0.000000e+00 0.000000e+00 0.000000e+00
3.792000e+02 0.000000e+00 0.000000e+00 0.000000e+00
3.802000e+02 0.000000e+00 0.000000e+00 0.000000e+00
3.812000e+02 0.000000e+00 0.000000e+00 0.000000e+00
3.822000e+02 0.000000e+00 0.000000e+00 0.000000e+00
3.832000e+02 0.000000e+00 0.000000e+00 0.000000e+00
3.842000e+02 0.000000e+00 0.000000e+00 0.000000e+00
3.852000e+02 0.000000e+00 0.000000e+00 0.000000e+00
3.862000e+02 0.000000e+00 0.000000e+00 0.000000e+00
3.872000e+02 0.000000e+00 0.000000e+00 0.000000e+00
3.882000e+02 0.000000e+00 0.000000e+00 0.000000e+00
3.892000e+02 0.000000e+00 0.000000e+00 0.000000e+00
3.902000e+02 0.000000e+00 0.000000e+00 0.000000e+00
3.912000e+02 0.000000e+00 0.000000e+00 0.000000e+00
3.922000e+02 0.000000e+00 0.000000e+00 0.000000e+00
3.932000e+02 0.000000e+00 0.000000e+00 0.000000e+00
3.942000e+02 0.000000e+00 0.000000e+00 0.000000e+00
3.952000e+02 0.000000e+00 0.000000e+00 0.000000e+00
3.962000e+02 0.000000e+00 0.000000e+00 0.000000e+00
3.972000e+02 0.000000e+00 0.000000e+00 0.000000e+00
3.982000e+02 0.000000e+00 0.000000e+00 0.000000e+00
3.992000e+02 0.000000e+00 0.000000e+00 0.000000e+00
