# CH3CHO cross sections
# #photoabsorption   -- Photoabsorption cross section (cm2)
# #photodissociation -- Photodissociation cross section (cm2)
# #photoionisation   -- Photoionisation cross section (cm2)
# #This version has been resampled to a uniform 0.1nm grid while maintaining a constant integrated cross section (using trapezoidal integration).
# #wavelength photoabsorption photodissociation photoionisation
9.120000e+01 2.103735e-17 0.000000e+00 2.103735e-17
9.220000e+01 2.136808e-17 0.000000e+00 2.136808e-17
9.320000e+01 2.169881e-17 0.000000e+00 2.169881e-17
9.420000e+01 2.202954e-17 0.000000e+00 2.202954e-17
9.520000e+01 2.236027e-17 0.000000e+00 2.236027e-17
9.620000e+01 2.267512e-17 0.000000e+00 2.267512e-17
9.720000e+01 2.298660e-17 0.000000e+00 2.298660e-17
9.820000e+01 2.329808e-17 0.000000e+00 2.329808e-17
9.920000e+01 2.360955e-17 0.000000e+00 2.360955e-17
1.002000e+02 2.392103e-17 0.000000e+00 2.392103e-17
1.012000e+02 2.423250e-17 0.000000e+00 2.423250e-17
1.022000e+02 2.454398e-17 0.000000e+00 2.454398e-17
1.032000e+02 2.485546e-17 0.000000e+00 2.485546e-17
1.042000e+02 2.529258e-17 0.000000e+00 2.529258e-17
1.052000e+02 2.574737e-17 0.000000e+00 2.574737e-17
1.062000e+02 2.620217e-17 0.000000e+00 2.620217e-17
1.072000e+02 2.665697e-17 0.000000e+00 2.665697e-17
1.082000e+02 2.711177e-17 0.000000e+00 2.711177e-17
1.092000e+02 2.736249e-17 0.000000e+00 2.736249e-17
1.102000e+02 2.687894e-17 1.108305e-18 2.577064e-17
1.112000e+02 2.695677e-17 3.333694e-18 2.362308e-17
1.122000e+02 2.703460e-17 5.126406e-18 2.190820e-17
1.132000e+02 2.711243e-17 7.402645e-18 1.970979e-17
1.142000e+02 2.719026e-17 8.150683e-18 1.903958e-17
1.152000e+02 2.726809e-17 9.541696e-18 1.772639e-17
1.162000e+02 2.738361e-17 1.035612e-17 1.702748e-17
1.172000e+02 2.764135e-17 1.141790e-17 1.622345e-17
1.182000e+02 2.705479e-17 1.136859e-17 1.568619e-17
1.192000e+02 2.613840e-17 1.305689e-17 1.308151e-17
1.202000e+02 2.450230e-17 1.372830e-17 1.077400e-17
1.212000e+02 2.240660e-17 1.957412e-17 2.832478e-18
1.222000e+02 1.987060e-17 1.966048e-17 2.101230e-19
1.232000e+02 1.849695e-17 1.843046e-17 6.649317e-20
1.242000e+02 1.828117e-17 1.819722e-17 8.395352e-20
1.252000e+02 1.756810e-17 1.748264e-17 8.545861e-20
1.262000e+02 1.621655e-17 1.617856e-17 3.798980e-20
1.272000e+02 2.197115e-17 2.191718e-17 5.396602e-20
1.282000e+02 1.617505e-17 1.610472e-17 7.032570e-20
1.292000e+02 1.478423e-17 1.469779e-17 8.643161e-20
1.302000e+02 3.083225e-17 3.081062e-17 2.163125e-20
1.312000e+02 1.606380e-17 1.606380e-17 0.000000e+00
1.322000e+02 1.596920e-17 1.596920e-17 0.000000e+00
1.332000e+02 1.517013e-17 1.517013e-17 0.000000e+00
1.342000e+02 2.164290e-17 2.164290e-17 0.000000e+00
1.352000e+02 1.871070e-17 1.871070e-17 0.000000e+00
1.362000e+02 2.457015e-17 2.457015e-17 0.000000e+00
1.372000e+02 3.385565e-17 3.385565e-17 0.000000e+00
1.382000e+02 4.388717e-17 4.388717e-17 0.000000e+00
1.392000e+02 1.704804e-17 1.704804e-17 0.000000e+00
1.402000e+02 2.505649e-17 2.505649e-17 0.000000e+00
1.412000e+02 1.710319e-17 1.710319e-17 0.000000e+00
1.422000e+02 1.405658e-17 1.405658e-17 0.000000e+00
1.432000e+02 1.151059e-17 1.151059e-17 0.000000e+00
1.442000e+02 1.571222e-17 1.571222e-17 0.000000e+00
1.452000e+02 1.513593e-17 1.513593e-17 0.000000e+00
1.462000e+02 1.906733e-17 1.906733e-17 0.000000e+00
1.472000e+02 3.560600e-17 3.560600e-17 0.000000e+00
1.482000e+02 2.478858e-17 2.478858e-17 0.000000e+00
1.492000e+02 1.919872e-17 1.919872e-17 0.000000e+00
1.502000e+02 1.454416e-17 1.454416e-17 0.000000e+00
1.512000e+02 6.970072e-18 6.970072e-18 0.000000e+00
1.522000e+02 5.790831e-18 5.790831e-18 0.000000e+00
1.532000e+02 5.521633e-18 5.521633e-18 0.000000e+00
1.542000e+02 5.167556e-18 5.167556e-18 0.000000e+00
1.552000e+02 8.953526e-18 8.953526e-18 0.000000e+00
1.562000e+02 8.893495e-18 8.893495e-18 0.000000e+00
1.572000e+02 9.399281e-18 9.399281e-18 0.000000e+00
1.582000e+02 1.167121e-17 1.167121e-17 0.000000e+00
1.592000e+02 1.713924e-17 1.713924e-17 0.000000e+00
1.602000e+02 2.210179e-17 2.210179e-17 0.000000e+00
1.612000e+02 1.017138e-17 1.017138e-17 0.000000e+00
1.622000e+02 1.211738e-17 1.211738e-17 0.000000e+00
1.632000e+02 2.737032e-17 2.737032e-17 0.000000e+00
1.642000e+02 2.285351e-17 2.285351e-17 0.000000e+00
1.652000e+02 2.568425e-17 2.568425e-17 0.000000e+00
1.662000e+02 6.620395e-17 6.620395e-17 0.000000e+00
1.672000e+02 7.211946e-18 7.211946e-18 0.000000e+00
1.682000e+02 1.710295e-18 1.710295e-18 0.000000e+00
1.692000e+02 2.122119e-18 2.122119e-18 0.000000e+00
1.702000e+02 2.315531e-18 2.315531e-18 0.000000e+00
1.712000e+02 9.756808e-19 9.756808e-19 0.000000e+00
1.722000e+02 2.452155e-18 2.452155e-18 0.000000e+00
1.732000e+02 3.468959e-18 3.468959e-18 0.000000e+00
1.742000e+02 2.064391e-18 2.064391e-18 0.000000e+00
1.752000e+02 1.481925e-18 1.481925e-18 0.000000e+00
1.762000e+02 2.343133e-18 2.343133e-18 0.000000e+00
1.772000e+02 3.912557e-18 3.912557e-18 0.000000e+00
1.782000e+02 2.718760e-18 2.718760e-18 0.000000e+00
1.792000e+02 3.907180e-18 3.907180e-18 0.000000e+00
1.802000e+02 6.953937e-18 6.953937e-18 0.000000e+00
1.812000e+02 9.817709e-18 9.817709e-18 0.000000e+00
1.822000e+02 2.094158e-18 2.094158e-18 0.000000e+00
1.832000e+02 4.775176e-19 4.775176e-19 0.000000e+00
1.842000e+02 0.000000e+00 0.000000e+00 0.000000e+00
1.852000e+02 0.000000e+00 0.000000e+00 0.000000e+00
1.862000e+02 0.000000e+00 0.000000e+00 0.000000e+00
1.872000e+02 0.000000e+00 0.000000e+00 0.000000e+00
1.882000e+02 0.000000e+00 0.000000e+00 0.000000e+00
1.892000e+02 0.000000e+00 0.000000e+00 0.000000e+00
1.902000e+02 0.000000e+00 0.000000e+00 0.000000e+00
1.912000e+02 0.000000e+00 0.000000e+00 0.000000e+00
1.922000e+02 0.000000e+00 0.000000e+00 0.000000e+00
1.932000e+02 0.000000e+00 0.000000e+00 0.000000e+00
1.942000e+02 0.000000e+00 0.000000e+00 0.000000e+00
1.952000e+02 0.000000e+00 0.000000e+00 0.000000e+00
1.962000e+02 0.000000e+00 0.000000e+00 0.000000e+00
1.972000e+02 0.000000e+00 0.000000e+00 0.000000e+00
1.982000e+02 0.000000e+00 0.000000e+00 0.000000e+00
1.992000e+02 0.000000e+00 0.000000e+00 0.000000e+00
2.002000e+02 0.000000e+00 0.000000e+00 0.000000e+00
2.012000e+02 0.000000e+00 0.000000e+00 0.000000e+00
2.022000e+02 0.000000e+00 0.000000e+00 0.000000e+00
2.032000e+02 0.000000e+00 0.000000e+00 0.000000e+00
2.042000e+02 0.000000e+00 0.000000e+00 0.000000e+00
2.052000e+02 0.000000e+00 0.000000e+00 0.000000e+00
2.062000e+02 0.000000e+00 0.000000e+00 0.000000e+00
2.072000e+02 0.000000e+00 0.000000e+00 0.000000e+00
2.082000e+02 0.000000e+00 0.000000e+00 0.000000e+00
2.092000e+02 0.000000e+00 0.000000e+00 0.000000e+00
2.102000e+02 0.000000e+00 0.000000e+00 0.000000e+00
2.112000e+02 0.000000e+00 0.000000e+00 0.000000e+00
2.122000e+02 0.000000e+00 0.000000e+00 0.000000e+00
2.132000e+02 0.000000e+00 0.000000e+00 0.000000e+00
2.142000e+02 0.000000e+00 0.000000e+00 0.000000e+00
2.152000e+02 0.000000e+00 0.000000e+00 0.000000e+00
2.162000e+02 0.000000e+00 0.000000e+00 0.000000e+00
2.172000e+02 0.000000e+00 0.000000e+00 0.000000e+00
2.182000e+02 0.000000e+00 0.000000e+00 0.000000e+00
2.192000e+02 0.000000e+00 0.000000e+00 0.000000e+00
2.202000e+02 0.000000e+00 0.000000e+00 0.000000e+00
2.212000e+02 0.000000e+00 0.000000e+00 0.000000e+00
2.222000e+02 0.000000e+00 0.000000e+00 0.000000e+00
2.232000e+02 0.000000e+00 0.000000e+00 0.000000e+00
2.242000e+02 0.000000e+00 0.000000e+00 0.000000e+00
2.252000e+02 0.000000e+00 0.000000e+00 0.000000e+00
2.262000e+02 0.000000e+00 0.000000e+00 0.000000e+00
2.272000e+02 0.000000e+00 0.000000e+00 0.000000e+00
2.282000e+02 0.000000e+00 0.000000e+00 0.000000e+00
2.292000e+02 0.000000e+00 0.000000e+00 0.000000e+00
2.302000e+02 0.000000e+00 0.000000e+00 0.000000e+00
2.312000e+02 0.000000e+00 0.000000e+00 0.000000e+00
2.322000e+02 0.000000e+00 0.000000e+00 0.000000e+00
2.332000e+02 0.000000e+00 0.000000e+00 0.000000e+00
2.342000e+02 0.000000e+00 0.000000e+00 0.000000e+00
2.352000e+02 0.000000e+00 0.000000e+00 0.000000e+00
2.362000e+02 0.000000e+00 0.000000e+00 0.000000e+00
2.372000e+02 0.000000e+00 0.000000e+00 0.000000e+00
2.382000e+02 0.000000e+00 0.000000e+00 0.000000e+00
2.392000e+02 1.131084e-21 1.131084e-21 0.000000e+00
2.402000e+02 5.164293e-21 5.164293e-21 0.000000e+00
2.412000e+02 3.236390e-21 3.236390e-21 0.000000e+00
2.422000e+02 6.288059e-21 6.288059e-21 0.000000e+00
2.432000e+02 1.063490e-20 1.063490e-20 0.000000e+00
2.442000e+02 7.823748e-21 7.823748e-21 0.000000e+00
2.452000e+02 7.634632e-21 7.634632e-21 0.000000e+00
2.462000e+02 8.229555e-21 8.229555e-21 0.000000e+00
2.472000e+02 8.293278e-21 8.293278e-21 0.000000e+00
2.482000e+02 9.300327e-21 9.300327e-21 0.000000e+00
2.492000e+02 1.182891e-20 1.182891e-20 0.000000e+00
2.502000e+02 1.545960e-20 1.545960e-20 0.000000e+00
2.512000e+02 1.371575e-20 1.371575e-20 0.000000e+00
2.522000e+02 1.726614e-20 1.726614e-20 0.000000e+00
2.532000e+02 2.004846e-20 2.004846e-20 0.000000e+00
2.542000e+02 2.445701e-20 2.445701e-20 0.000000e+00
2.552000e+02 2.401015e-20 2.401015e-20 0.000000e+00
2.562000e+02 1.960593e-20 1.960593e-20 0.000000e+00
2.572000e+02 2.203818e-20 2.203818e-20 0.000000e+00
2.582000e+02 2.286575e-20 2.286575e-20 0.000000e+00
2.592000e+02 2.214799e-20 2.214799e-20 0.000000e+00
2.602000e+02 2.331962e-20 2.331962e-20 0.000000e+00
2.612000e+02 2.762005e-20 2.762005e-20 0.000000e+00
2.622000e+02 2.488599e-20 2.488599e-20 0.000000e+00
2.632000e+02 2.594365e-20 2.594365e-20 0.000000e+00
2.642000e+02 2.754464e-20 2.754464e-20 0.000000e+00
2.652000e+02 2.941162e-20 2.941162e-20 0.000000e+00
2.662000e+02 3.221203e-20 3.221203e-20 0.000000e+00
2.672000e+02 3.539740e-20 3.539740e-20 0.000000e+00
2.682000e+02 3.242068e-20 3.242068e-20 0.000000e+00
2.692000e+02 3.449911e-20 3.449911e-20 0.000000e+00
2.702000e+02 3.619887e-20 3.619887e-20 0.000000e+00
2.712000e+02 3.782883e-20 3.782883e-20 0.000000e+00
2.722000e+02 3.761225e-20 3.761225e-20 0.000000e+00
2.732000e+02 3.861673e-20 3.861673e-20 0.000000e+00
2.742000e+02 4.170080e-20 4.170080e-20 0.000000e+00
2.752000e+02 4.333798e-20 4.333798e-20 0.000000e+00
2.762000e+02 4.278294e-20 4.278294e-20 0.000000e+00
2.772000e+02 4.224231e-20 4.224231e-20 0.000000e+00
2.782000e+02 4.296137e-20 4.296137e-20 0.000000e+00
2.792000e+02 4.392846e-20 4.392846e-20 0.000000e+00
2.802000e+02 4.484074e-20 4.484074e-20 0.000000e+00
2.812000e+02 4.711954e-20 4.711954e-20 0.000000e+00
2.822000e+02 4.813206e-20 4.813206e-20 0.000000e+00
2.832000e+02 4.967305e-20 4.967305e-20 0.000000e+00
2.842000e+02 4.921796e-20 4.921796e-20 0.000000e+00
2.852000e+02 4.634883e-20 4.634883e-20 0.000000e+00
2.862000e+02 4.295112e-20 4.295112e-20 0.000000e+00
2.872000e+02 4.620307e-20 4.620307e-20 0.000000e+00
2.882000e+02 4.829875e-20 4.829875e-20 0.000000e+00
2.892000e+02 4.868504e-20 4.868504e-20 0.000000e+00
2.902000e+02 4.901879e-20 4.901879e-20 0.000000e+00
2.912000e+02 4.836651e-20 4.836651e-20 0.000000e+00
2.922000e+02 4.705759e-20 4.705759e-20 0.000000e+00
2.932000e+02 4.302018e-20 4.302018e-20 0.000000e+00
2.942000e+02 4.120033e-20 4.120033e-20 0.000000e+00
2.952000e+02 4.277495e-20 4.277495e-20 0.000000e+00
2.962000e+02 4.323516e-20 4.323516e-20 0.000000e+00
2.972000e+02 4.357194e-20 4.357194e-20 0.000000e+00
2.982000e+02 4.401734e-20 4.401734e-20 0.000000e+00
2.992000e+02 4.285964e-20 4.285964e-20 0.000000e+00
3.002000e+02 4.239171e-20 4.239171e-20 0.000000e+00
3.012000e+02 4.228310e-20 4.228310e-20 0.000000e+00
3.022000e+02 3.894924e-20 3.894924e-20 0.000000e+00
3.032000e+02 3.643027e-20 3.643027e-20 0.000000e+00
3.042000e+02 3.323245e-20 3.323245e-20 0.000000e+00
3.052000e+02 3.196184e-20 3.196184e-20 0.000000e+00
3.062000e+02 2.963829e-20 2.963829e-20 0.000000e+00
3.072000e+02 3.185112e-20 3.185112e-20 0.000000e+00
3.082000e+02 2.948312e-20 2.948312e-20 0.000000e+00
3.092000e+02 2.898631e-20 2.898631e-20 0.000000e+00
3.102000e+02 2.929336e-20 2.929336e-20 0.000000e+00
3.112000e+02 2.623387e-20 2.623387e-20 0.000000e+00
3.122000e+02 2.334989e-20 2.334989e-20 0.000000e+00
3.132000e+02 2.384935e-20 2.384935e-20 0.000000e+00
3.142000e+02 2.287355e-20 2.287355e-20 0.000000e+00
3.152000e+02 2.406055e-20 2.406055e-20 0.000000e+00
3.162000e+02 2.170978e-20 2.170978e-20 0.000000e+00
3.172000e+02 2.122293e-20 2.122293e-20 0.000000e+00
3.182000e+02 1.745469e-20 1.745469e-20 0.000000e+00
3.192000e+02 1.837398e-20 1.837398e-20 0.000000e+00
3.202000e+02 1.970104e-20 1.970104e-20 0.000000e+00
3.212000e+02 1.796395e-20 1.796395e-20 0.000000e+00
3.222000e+02 1.182124e-20 1.182124e-20 0.000000e+00
3.232000e+02 1.268345e-20 1.268345e-20 0.000000e+00
3.242000e+02 1.399003e-20 1.399003e-20 0.000000e+00
3.252000e+02 1.218005e-20 1.218005e-20 0.000000e+00
3.262000e+02 9.532364e-21 9.532364e-21 0.000000e+00
3.272000e+02 7.691807e-21 7.691807e-21 0.000000e+00
3.282000e+02 1.051759e-20 1.051759e-20 0.000000e+00
3.292000e+02 9.165298e-21 9.165298e-21 0.000000e+00
3.302000e+02 8.034933e-21 8.034933e-21 0.000000e+00
3.312000e+02 7.240038e-21 7.240038e-21 0.000000e+00
3.322000e+02 9.923989e-21 9.923989e-21 0.000000e+00
3.332000e+02 8.771592e-21 8.771592e-21 0.000000e+00
3.342000e+02 5.605365e-21 5.605365e-21 0.000000e+00
3.352000e+02 6.683169e-21 6.683169e-21 0.000000e+00
3.362000e+02 2.293885e-21 2.293885e-21 0.000000e+00
3.372000e+02 5.910629e-21 5.910629e-21 0.000000e+00
3.382000e+02 5.545778e-21 5.545778e-21 0.000000e+00
3.392000e+02 4.187875e-21 4.187875e-21 0.000000e+00
3.402000e+02 4.241108e-21 4.241108e-21 0.000000e+00
3.412000e+02 3.230771e-21 3.230771e-21 0.000000e+00
3.422000e+02 3.261530e-21 3.261530e-21 0.000000e+00
3.432000e+02 2.325450e-21 2.325450e-21 0.000000e+00
3.442000e+02 1.162789e-23 1.162789e-23 0.000000e+00
3.452000e+02 1.544458e-23 1.544458e-23 0.000000e+00
3.462000e+02 3.244057e-23 3.244057e-23 0.000000e+00
3.472000e+02 4.624168e-23 4.624168e-23 0.000000e+00
3.482000e+02 4.445525e-23 4.445525e-23 0.000000e+00
3.492000e+02 4.275095e-23 4.275095e-23 0.000000e+00
3.502000e+02 0.000000e+00 0.000000e+00 0.000000e+00
3.512000e+02 0.000000e+00 0.000000e+00 0.000000e+00
3.522000e+02 0.000000e+00 0.000000e+00 0.000000e+00
3.532000e+02 0.000000e+00 0.000000e+00 0.000000e+00
3.542000e+02 0.000000e+00 0.000000e+00 0.000000e+00
3.552000e+02 0.000000e+00 0.000000e+00 0.000000e+00
3.562000e+02 0.000000e+00 0.000000e+00 0.000000e+00
3.572000e+02 0.000000e+00 0.000000e+00 0.000000e+00
3.582000e+02 0.000000e+00 0.000000e+00 0.000000e+00
3.592000e+02 0.000000e+00 0.000000e+00 0.000000e+00
3.602000e+02 0.000000e+00 0.000000e+00 0.000000e+00
3.612000e+02 0.000000e+00 0.000000e+00 0.000000e+00
3.622000e+02 0.000000e+00 0.000000e+00 0.000000e+00
3.632000e+02 0.000000e+00 0.000000e+00 0.000000e+00
3.642000e+02 0.000000e+00 0.000000e+00 0.000000e+00
3.652000e+02 0.000000e+00 0.000000e+00 0.000000e+00
3.662000e+02 0.000000e+00 0.000000e+00 0.000000e+00
3.672000e+02 0.000000e+00 0.000000e+00 0.000000e+00
3.682000e+02 0.000000e+00 0.000000e+00 0.000000e+00
3.692000e+02 0.000000e+00 0.000000e+00 0.000000e+00
3.702000e+02 0.000000e+00 0.000000e+00 0.000000e+00
3.712000e+02 0.000000e+00 0.000000e+00 0.000000e+00
3.722000e+02 0.000000e+00 0.000000e+00 0.000000e+00
3.732000e+02 0.000000e+00 0.000000e+00 0.000000e+00
3.742000e+02 0.000000e+00 0.000000e+00 0.000000e+00
3.752000e+02 0.000000e+00 0.000000e+00 0.000000e+00
3.762000e+02 0.000000e+00 0.000000e+00 0.000000e+00
3.772000e+02 0.000000e+00 0.000000e+00 0.000000e+00
3.782000e+02 0.000000e+00 0.000000e+00 0.000000e+00
3.792000e+02 0.000000e+00 0.000000e+00 0.000000e+00
3.802000e+02 0.000000e+00 0.000000e+00 0.000000e+00
3.812000e+02 0.000000e+00 0.000000e+00 0.000000e+00
3.822000e+02 0.000000e+00 0.000000e+00 0.000000e+00
3.832000e+02 0.000000e+00 0.000000e+00 0.000000e+00
3.842000e+02 0.000000e+00 0.000000e+00 0.000000e+00
3.852000e+02 0.000000e+00 0.000000e+00 0.000000e+00
3.862000e+02 0.000000e+00 0.000000e+00 0.000000e+00
3.872000e+02 0.000000e+00 0.000000e+00 0.000000e+00
3.882000e+02 0.000000e+00 0.000000e+00 0.000000e+00
3.892000e+02 0.000000e+00 0.000000e+00 0.000000e+00
3.902000e+02 0.000000e+00 0.000000e+00 0.000000e+00
3.912000e+02 0.000000e+00 0.000000e+00 0.000000e+00
3.922000e+02 0.000000e+00 0.000000e+00 0.000000e+00
3.932000e+02 0.000000e+00 0.000000e+00 0.000000e+00
3.942000e+02 0.000000e+00 0.000000e+00 0.000000e+00
3.952000e+02 0.000000e+00 0.000000e+00 0.000000e+00
3.962000e+02 0.000000e+00 0.000000e+00 0.000000e+00
3.972000e+02 0.000000e+00 0.000000e+00 0.000000e+00
3.982000e+02 0.000000e+00 0.000000e+00 0.000000e+00
3.992000e+02 0.000000e+00 0.000000e+00 0.000000e+00
