# CH3SH cross sections
# #photoabsorption   -- Photoabsorption cross section (cm2)
# #photodissociation -- Photodissociation cross section (cm2)
# #photoionisation   -- Photoionisation cross section (cm2)
# #This version has been resampled to a uniform 0.1nm grid while maintaining a constant integrated cross section (using trapezoidal integration).
# #wavelength photoabsorption photodissociation photoionisation
9.120000e+01 2.572807e-17 0.000000e+00 2.572807e-17
9.220000e+01 2.595149e-17 0.000000e+00 2.595149e-17
9.320000e+01 2.544019e-17 0.000000e+00 2.544019e-17
9.420000e+01 2.479819e-17 0.000000e+00 2.479819e-17
9.520000e+01 2.384859e-17 0.000000e+00 2.384859e-17
9.620000e+01 2.451045e-17 0.000000e+00 2.451045e-17
9.720000e+01 2.498882e-17 0.000000e+00 2.498882e-17
9.820000e+01 2.669652e-17 0.000000e+00 2.669652e-17
9.920000e+01 2.962231e-17 5.200914e-19 2.910222e-17
1.002000e+02 3.303993e-17 1.179905e-18 3.186003e-17
1.012000e+02 3.645755e-17 1.839719e-18 3.461784e-17
1.022000e+02 3.987518e-17 2.499532e-18 3.737565e-17
1.032000e+02 4.306574e-17 3.224763e-18 3.984098e-17
1.042000e+02 4.654903e-17 4.235427e-18 4.231360e-17
1.052000e+02 5.046038e-17 5.246090e-18 4.521429e-17
1.062000e+02 5.417312e-17 6.256753e-18 4.791637e-17
1.072000e+02 5.669207e-17 7.267417e-18 4.942465e-17
1.082000e+02 5.765209e-17 8.278080e-18 4.937401e-17
1.092000e+02 5.817978e-17 9.288743e-18 4.889103e-17
1.102000e+02 5.880285e-17 1.029941e-17 4.850345e-17
1.112000e+02 5.900346e-17 1.131007e-17 4.769339e-17
1.122000e+02 5.988194e-17 1.232073e-17 4.756120e-17
1.132000e+02 6.074806e-17 1.333140e-17 4.741666e-17
1.142000e+02 6.130520e-17 1.434206e-17 4.696314e-17
1.152000e+02 5.975756e-17 1.535272e-17 4.440483e-17
1.162000e+02 5.611403e-17 1.636339e-17 3.975064e-17
1.172000e+02 5.306466e-17 1.737405e-17 3.569061e-17
1.182000e+02 5.011506e-17 1.838471e-17 3.173035e-17
1.192000e+02 4.726682e-17 1.939538e-17 2.787144e-17
1.202000e+02 4.623817e-17 2.040604e-17 2.583213e-17
1.212000e+02 4.551813e-17 2.141670e-17 2.410143e-17
1.222000e+02 4.544045e-17 2.242737e-17 2.301309e-17
1.232000e+02 4.527959e-17 2.343803e-17 2.184156e-17
1.242000e+02 4.502613e-17 2.444869e-17 2.057744e-17
1.252000e+02 4.499054e-17 2.545936e-17 1.953119e-17
1.262000e+02 4.505212e-17 2.647002e-17 1.858210e-17
1.272000e+02 4.505442e-17 2.748068e-17 1.757374e-17
1.282000e+02 4.492095e-17 2.849135e-17 1.642960e-17
1.292000e+02 4.351428e-17 2.950201e-17 1.401227e-17
1.302000e+02 4.162993e-17 3.036248e-17 1.126745e-17
1.312000e+02 3.819805e-17 2.889743e-17 9.300621e-18
1.322000e+02 2.677247e-17 2.656002e-17 2.124475e-19
1.332000e+02 2.559140e-17 2.545975e-17 1.316506e-19
1.342000e+02 2.352178e-17 2.348723e-17 3.454125e-20
1.352000e+02 1.993617e-17 1.993617e-17 0.000000e+00
1.362000e+02 2.290700e-17 2.290700e-17 0.000000e+00
1.372000e+02 3.199552e-17 3.199552e-17 0.000000e+00
1.382000e+02 2.280409e-17 2.280409e-17 0.000000e+00
1.392000e+02 2.130277e-17 2.130277e-17 0.000000e+00
1.402000e+02 3.000836e-17 3.000836e-17 0.000000e+00
1.412000e+02 2.841633e-17 2.841633e-17 0.000000e+00
1.422000e+02 2.462627e-17 2.462627e-17 0.000000e+00
1.432000e+02 2.132362e-17 2.132362e-17 0.000000e+00
1.442000e+02 2.453546e-17 2.453546e-17 0.000000e+00
1.452000e+02 4.948745e-17 4.948745e-17 0.000000e+00
1.462000e+02 2.353119e-17 2.353119e-17 0.000000e+00
1.472000e+02 3.532434e-17 3.532434e-17 0.000000e+00
1.482000e+02 1.625342e-17 1.625342e-17 0.000000e+00
1.492000e+02 1.317626e-17 1.317626e-17 0.000000e+00
1.502000e+02 2.458398e-17 2.458398e-17 0.000000e+00
1.512000e+02 1.073298e-17 1.073298e-17 0.000000e+00
1.522000e+02 9.863224e-18 9.863224e-18 0.000000e+00
1.532000e+02 1.080936e-17 1.080936e-17 0.000000e+00
1.542000e+02 1.176736e-17 1.176736e-17 0.000000e+00
1.552000e+02 1.032867e-17 1.032867e-17 0.000000e+00
1.562000e+02 1.473556e-17 1.473556e-17 0.000000e+00
1.572000e+02 9.351438e-18 9.351438e-18 0.000000e+00
1.582000e+02 8.746665e-18 8.746665e-18 0.000000e+00
1.592000e+02 1.145074e-17 1.145074e-17 0.000000e+00
1.602000e+02 1.311119e-17 1.311119e-17 0.000000e+00
1.612000e+02 2.093735e-17 2.093735e-17 0.000000e+00
1.622000e+02 1.786229e-17 1.786229e-17 0.000000e+00
1.632000e+02 4.344291e-17 4.344291e-17 0.000000e+00
1.642000e+02 1.245477e-17 1.245477e-17 0.000000e+00
1.652000e+02 9.568827e-18 9.568827e-18 0.000000e+00
1.662000e+02 3.420576e-18 3.420576e-18 0.000000e+00
1.672000e+02 3.205174e-18 3.205174e-18 0.000000e+00
1.682000e+02 3.085367e-18 3.085367e-18 0.000000e+00
1.692000e+02 3.593432e-18 3.593432e-18 0.000000e+00
1.702000e+02 3.838908e-18 3.838908e-18 0.000000e+00
1.712000e+02 4.724294e-18 4.724294e-18 0.000000e+00
1.722000e+02 6.326871e-18 6.326871e-18 0.000000e+00
1.732000e+02 7.900829e-18 7.900829e-18 0.000000e+00
1.742000e+02 1.100251e-17 1.100251e-17 0.000000e+00
1.752000e+02 1.140772e-17 1.140772e-17 0.000000e+00
1.762000e+02 1.422528e-17 1.422528e-17 0.000000e+00
1.772000e+02 1.595396e-17 1.595396e-17 0.000000e+00
1.782000e+02 5.493387e-18 5.493387e-18 0.000000e+00
1.792000e+02 3.242359e-18 3.242359e-18 0.000000e+00
1.802000e+02 2.711486e-18 2.711486e-18 0.000000e+00
1.812000e+02 2.806391e-18 2.806391e-18 0.000000e+00
1.822000e+02 3.390886e-18 3.390886e-18 0.000000e+00
1.832000e+02 4.651288e-18 4.651288e-18 0.000000e+00
1.842000e+02 5.836827e-18 5.836827e-18 0.000000e+00
1.852000e+02 7.606874e-18 7.606874e-18 0.000000e+00
1.862000e+02 6.023457e-18 6.023457e-18 0.000000e+00
1.872000e+02 3.764543e-18 3.764543e-18 0.000000e+00
1.882000e+02 2.661760e-18 2.661760e-18 0.000000e+00
1.892000e+02 1.804746e-18 1.804746e-18 0.000000e+00
1.902000e+02 1.523620e-18 1.523620e-18 0.000000e+00
1.912000e+02 1.133109e-18 1.133109e-18 0.000000e+00
1.922000e+02 1.415111e-18 1.415111e-18 0.000000e+00
1.932000e+02 2.135974e-18 2.135974e-18 0.000000e+00
1.942000e+02 2.550122e-18 2.550122e-18 0.000000e+00
1.952000e+02 3.090681e-18 3.090681e-18 0.000000e+00
1.962000e+02 3.645814e-18 3.645814e-18 0.000000e+00
1.972000e+02 4.293580e-18 4.293580e-18 0.000000e+00
1.982000e+02 5.048251e-18 5.048251e-18 0.000000e+00
1.992000e+02 5.832036e-18 5.832036e-18 0.000000e+00
2.002000e+02 6.632240e-18 6.632240e-18 0.000000e+00
2.012000e+02 7.364795e-18 7.364795e-18 0.000000e+00
2.022000e+02 7.979081e-18 7.979081e-18 0.000000e+00
2.032000e+02 8.374592e-18 8.374592e-18 0.000000e+00
2.042000e+02 8.470359e-18 8.470359e-18 0.000000e+00
2.052000e+02 8.247364e-18 8.247364e-18 0.000000e+00
2.062000e+02 7.697482e-18 7.697482e-18 0.000000e+00
2.072000e+02 6.897798e-18 6.897798e-18 0.000000e+00
2.082000e+02 5.922353e-18 5.922353e-18 0.000000e+00
2.092000e+02 4.868209e-18 4.868209e-18 0.000000e+00
2.102000e+02 3.857849e-18 3.857849e-18 0.000000e+00
2.112000e+02 2.954327e-18 2.954327e-18 0.000000e+00
2.122000e+02 2.240453e-18 2.240453e-18 0.000000e+00
2.132000e+02 1.698260e-18 1.698260e-18 0.000000e+00
2.142000e+02 1.316726e-18 1.316726e-18 0.000000e+00
2.152000e+02 1.061097e-18 1.061097e-18 0.000000e+00
2.162000e+02 8.997535e-19 8.997535e-19 0.000000e+00
2.172000e+02 7.965460e-19 7.965460e-19 0.000000e+00
2.182000e+02 7.339012e-19 7.339012e-19 0.000000e+00
2.192000e+02 6.940686e-19 6.940686e-19 0.000000e+00
2.202000e+02 6.718678e-19 6.718678e-19 0.000000e+00
2.212000e+02 6.609174e-19 6.609174e-19 0.000000e+00
2.222000e+02 6.553041e-19 6.553041e-19 0.000000e+00
2.232000e+02 6.557330e-19 6.557330e-19 0.000000e+00
2.242000e+02 6.584352e-19 6.584352e-19 0.000000e+00
2.252000e+02 6.624537e-19 6.624537e-19 0.000000e+00
2.262000e+02 6.660300e-19 6.660300e-19 0.000000e+00
2.272000e+02 6.714867e-19 6.714867e-19 0.000000e+00
2.282000e+02 6.753155e-19 6.753155e-19 0.000000e+00
2.292000e+02 6.761774e-19 6.761774e-19 0.000000e+00
2.302000e+02 6.784052e-19 6.784052e-19 0.000000e+00
2.312000e+02 6.775948e-19 6.775948e-19 0.000000e+00
2.322000e+02 6.742845e-19 6.742845e-19 0.000000e+00
2.332000e+02 6.703082e-19 6.703082e-19 0.000000e+00
2.342000e+02 6.617163e-19 6.617163e-19 0.000000e+00
2.352000e+02 6.508019e-19 6.508019e-19 0.000000e+00
2.362000e+02 6.383348e-19 6.383348e-19 0.000000e+00
2.372000e+02 6.221337e-19 6.221337e-19 0.000000e+00
2.382000e+02 6.051471e-19 6.051471e-19 0.000000e+00
2.392000e+02 5.809893e-19 5.809893e-19 0.000000e+00
2.402000e+02 5.578326e-19 5.578326e-19 0.000000e+00
2.412000e+02 5.355593e-19 5.355593e-19 0.000000e+00
2.422000e+02 5.097789e-19 5.097789e-19 0.000000e+00
2.432000e+02 4.844985e-19 4.844985e-19 0.000000e+00
2.442000e+02 4.561871e-19 4.561871e-19 0.000000e+00
2.452000e+02 4.278778e-19 4.278778e-19 0.000000e+00
2.462000e+02 4.005985e-19 4.005985e-19 0.000000e+00
2.472000e+02 3.697593e-19 3.697593e-19 0.000000e+00
2.482000e+02 3.462697e-19 3.462697e-19 0.000000e+00
2.492000e+02 3.187563e-19 3.187563e-19 0.000000e+00
2.502000e+02 2.937078e-19 2.937078e-19 0.000000e+00
2.512000e+02 2.695223e-19 2.695223e-19 0.000000e+00
2.522000e+02 2.446991e-19 2.446991e-19 0.000000e+00
2.532000e+02 2.212224e-19 2.212224e-19 0.000000e+00
2.542000e+02 1.997351e-19 1.997351e-19 0.000000e+00
2.552000e+02 1.791352e-19 1.791352e-19 0.000000e+00
2.562000e+02 1.596422e-19 1.596422e-19 0.000000e+00
2.572000e+02 1.417374e-19 1.417374e-19 0.000000e+00
2.582000e+02 1.253917e-19 1.253917e-19 0.000000e+00
2.592000e+02 1.096184e-19 1.096184e-19 0.000000e+00
2.602000e+02 9.575616e-20 9.575616e-20 0.000000e+00
2.612000e+02 8.312679e-20 8.312679e-20 0.000000e+00
2.622000e+02 7.187001e-20 7.187001e-20 0.000000e+00
2.632000e+02 6.172601e-20 6.172601e-20 0.000000e+00
2.642000e+02 5.261564e-20 5.261564e-20 0.000000e+00
2.652000e+02 4.508812e-20 4.508812e-20 0.000000e+00
2.662000e+02 3.827308e-20 3.827308e-20 0.000000e+00
2.672000e+02 3.186216e-20 3.186216e-20 0.000000e+00
2.682000e+02 2.674527e-20 2.674527e-20 0.000000e+00
2.692000e+02 2.232386e-20 2.232386e-20 0.000000e+00
2.702000e+02 1.852293e-20 1.852293e-20 0.000000e+00
2.712000e+02 1.529056e-20 1.529056e-20 0.000000e+00
2.722000e+02 1.249841e-20 1.249841e-20 0.000000e+00
2.732000e+02 1.040089e-20 1.040089e-20 0.000000e+00
2.742000e+02 8.487595e-21 8.487595e-21 0.000000e+00
2.752000e+02 6.890594e-21 6.890594e-21 0.000000e+00
2.762000e+02 5.566372e-21 5.566372e-21 0.000000e+00
2.772000e+02 4.538335e-21 4.538335e-21 0.000000e+00
2.782000e+02 3.680297e-21 3.680297e-21 0.000000e+00
2.792000e+02 2.987927e-21 2.987927e-21 0.000000e+00
2.802000e+02 2.389371e-21 2.389371e-21 0.000000e+00
2.812000e+02 1.921334e-21 1.921334e-21 0.000000e+00
2.822000e+02 1.582778e-21 1.582778e-21 0.000000e+00
2.832000e+02 1.300408e-21 1.300408e-21 0.000000e+00
2.842000e+02 1.046593e-21 1.046593e-21 0.000000e+00
2.852000e+02 8.432965e-22 8.432965e-22 0.000000e+00
2.862000e+02 6.932965e-22 6.932965e-22 0.000000e+00
2.872000e+02 5.647408e-22 5.647408e-22 0.000000e+00
2.882000e+02 4.671113e-22 4.671113e-22 0.000000e+00
2.892000e+02 3.885556e-22 3.885556e-22 0.000000e+00
2.902000e+02 3.223704e-22 3.223704e-22 0.000000e+00
2.912000e+02 2.685556e-22 2.685556e-22 0.000000e+00
2.922000e+02 2.250408e-22 2.250408e-22 0.000000e+00
2.932000e+02 1.912778e-22 1.912778e-22 0.000000e+00
2.942000e+02 1.634223e-22 1.634223e-22 0.000000e+00
2.952000e+02 1.408037e-22 1.408037e-22 0.000000e+00
2.962000e+02 1.223296e-22 1.223296e-22 0.000000e+00
2.972000e+02 1.055667e-22 1.055667e-22 0.000000e+00
2.982000e+02 9.171113e-23 9.171113e-23 0.000000e+00
2.992000e+02 7.971113e-23 7.971113e-23 0.000000e+00
3.002000e+02 6.947408e-23 6.947408e-23 0.000000e+00
3.012000e+02 6.085556e-23 6.085556e-23 0.000000e+00
3.022000e+02 5.285556e-23 5.285556e-23 0.000000e+00
3.032000e+02 4.585556e-23 4.585556e-23 0.000000e+00
3.042000e+02 4.085556e-23 4.085556e-23 0.000000e+00
3.052000e+02 3.623704e-23 3.623704e-23 0.000000e+00
3.062000e+02 3.185556e-23 3.185556e-23 0.000000e+00
3.072000e+02 2.761852e-23 2.761852e-23 0.000000e+00
3.082000e+02 2.423704e-23 2.423704e-23 0.000000e+00
3.092000e+02 1.360746e-23 1.360746e-23 0.000000e+00
3.102000e+02 0.000000e+00 0.000000e+00 0.000000e+00
3.112000e+02 0.000000e+00 0.000000e+00 0.000000e+00
3.122000e+02 0.000000e+00 0.000000e+00 0.000000e+00
3.132000e+02 0.000000e+00 0.000000e+00 0.000000e+00
3.142000e+02 0.000000e+00 0.000000e+00 0.000000e+00
3.152000e+02 0.000000e+00 0.000000e+00 0.000000e+00
3.162000e+02 0.000000e+00 0.000000e+00 0.000000e+00
3.172000e+02 0.000000e+00 0.000000e+00 0.000000e+00
3.182000e+02 0.000000e+00 0.000000e+00 0.000000e+00
3.192000e+02 0.000000e+00 0.000000e+00 0.000000e+00
3.202000e+02 0.000000e+00 0.000000e+00 0.000000e+00
3.212000e+02 0.000000e+00 0.000000e+00 0.000000e+00
3.222000e+02 0.000000e+00 0.000000e+00 0.000000e+00
3.232000e+02 0.000000e+00 0.000000e+00 0.000000e+00
3.242000e+02 0.000000e+00 0.000000e+00 0.000000e+00
3.252000e+02 0.000000e+00 0.000000e+00 0.000000e+00
3.262000e+02 0.000000e+00 0.000000e+00 0.000000e+00
3.272000e+02 0.000000e+00 0.000000e+00 0.000000e+00
3.282000e+02 0.000000e+00 0.000000e+00 0.000000e+00
3.292000e+02 0.000000e+00 0.000000e+00 0.000000e+00
3.302000e+02 0.000000e+00 0.000000e+00 0.000000e+00
3.312000e+02 0.000000e+00 0.000000e+00 0.000000e+00
3.322000e+02 0.000000e+00 0.000000e+00 0.000000e+00
3.332000e+02 0.000000e+00 0.000000e+00 0.000000e+00
3.342000e+02 0.000000e+00 0.000000e+00 0.000000e+00
3.352000e+02 0.000000e+00 0.000000e+00 0.000000e+00
3.362000e+02 0.000000e+00 0.000000e+00 0.000000e+00
3.372000e+02 0.000000e+00 0.000000e+00 0.000000e+00
3.382000e+02 0.000000e+00 0.000000e+00 0.000000e+00
3.392000e+02 0.000000e+00 0.000000e+00 0.000000e+00
3.402000e+02 0.000000e+00 0.000000e+00 0.000000e+00
3.412000e+02 0.000000e+00 0.000000e+00 0.000000e+00
3.422000e+02 0.000000e+00 0.000000e+00 0.000000e+00
3.432000e+02 0.000000e+00 0.000000e+00 0.000000e+00
3.442000e+02 0.000000e+00 0.000000e+00 0.000000e+00
3.452000e+02 0.000000e+00 0.000000e+00 0.000000e+00
3.462000e+02 0.000000e+00 0.000000e+00 0.000000e+00
3.472000e+02 0.000000e+00 0.000000e+00 0.000000e+00
3.482000e+02 0.000000e+00 0.000000e+00 0.000000e+00
3.492000e+02 0.000000e+00 0.000000e+00 0.000000e+00
3.502000e+02 0.000000e+00 0.000000e+00 0.000000e+00
3.512000e+02 0.000000e+00 0.000000e+00 0.000000e+00
3.522000e+02 0.000000e+00 0.000000e+00 0.000000e+00
3.532000e+02 0.000000e+00 0.000000e+00 0.000000e+00
3.542000e+02 0.000000e+00 0.000000e+00 0.000000e+00
3.552000e+02 0.000000e+00 0.000000e+00 0.000000e+00
3.562000e+02 0.000000e+00 0.000000e+00 0.000000e+00
3.572000e+02 0.000000e+00 0.000000e+00 0.000000e+00
3.582000e+02 0.000000e+00 0.000000e+00 0.000000e+00
3.592000e+02 0.000000e+00 0.000000e+00 0.000000e+00
3.602000e+02 0.000000e+00 0.000000e+00 0.000000e+00
3.612000e+02 0.000000e+00 0.000000e+00 0.000000e+00
3.622000e+02 0.000000e+00 0.000000e+00 0.000000e+00
3.632000e+02 0.000000e+00 0.000000e+00 0.000000e+00
3.642000e+02 0.000000e+00 0.000000e+00 0.000000e+00
3.652000e+02 0.000000e+00 0.000000e+00 0.000000e+00
3.662000e+02 0.000000e+00 0.000000e+00 0.000000e+00
3.672000e+02 0.000000e+00 0.000000e+00 0.000000e+00
3.682000e+02 0.000000e+00 0.000000e+00 0.000000e+00
3.692000e+02 0.000000e+00 0.000000e+00 0.000000e+00
3.702000e+02 0.000000e+00 0.000000e+00 0.000000e+00
3.712000e+02 0.000000e+00 0.000000e+00 0.000000e+00
3.722000e+02 0.000000e+00 0.000000e+00 0.000000e+00
3.732000e+02 0.000000e+00 0.000000e+00 0.000000e+00
3.742000e+02 0.000000e+00 0.000000e+00 0.000000e+00
3.752000e+02 0.000000e+00 0.000000e+00 0.000000e+00
3.762000e+02 0.000000e+00 0.000000e+00 0.000000e+00
3.772000e+02 0.000000e+00 0.000000e+00 0.000000e+00
3.782000e+02 0.000000e+00 0.000000e+00 0.000000e+00
3.792000e+02 0.000000e+00 0.000000e+00 0.000000e+00
3.802000e+02 0.000000e+00 0.000000e+00 0.000000e+00
3.812000e+02 0.000000e+00 0.000000e+00 0.000000e+00
3.822000e+02 0.000000e+00 0.000000e+00 0.000000e+00
3.832000e+02 0.000000e+00 0.000000e+00 0.000000e+00
3.842000e+02 0.000000e+00 0.000000e+00 0.000000e+00
3.852000e+02 0.000000e+00 0.000000e+00 0.000000e+00
3.862000e+02 0.000000e+00 0.000000e+00 0.000000e+00
3.872000e+02 0.000000e+00 0.000000e+00 0.000000e+00
3.882000e+02 0.000000e+00 0.000000e+00 0.000000e+00
3.892000e+02 0.000000e+00 0.000000e+00 0.000000e+00
3.902000e+02 0.000000e+00 0.000000e+00 0.000000e+00
3.912000e+02 0.000000e+00 0.000000e+00 0.000000e+00
3.922000e+02 0.000000e+00 0.000000e+00 0.000000e+00
3.932000e+02 0.000000e+00 0.000000e+00 0.000000e+00
3.942000e+02 0.000000e+00 0.000000e+00 0.000000e+00
3.952000e+02 0.000000e+00 0.000000e+00 0.000000e+00
3.962000e+02 0.000000e+00 0.000000e+00 0.000000e+00
3.972000e+02 0.000000e+00 0.000000e+00 0.000000e+00
3.982000e+02 0.000000e+00 0.000000e+00 0.000000e+00
3.992000e+02 0.000000e+00 0.000000e+00 0.000000e+00
