# CN cross sections
# #photoabsorption   -- Photoabsorption cross section (cm2)
# #photodissociation -- Photodissociation cross section (cm2)
# #photoionisation   -- Photoionisation cross section (cm2)
# #This version has been resampled to a uniform 0.1nm grid while maintaining a constant integrated cross section (using trapezoidal integration).
# #wavelength photoabsorption photodissociation photoionisation
9.120000e+01 9.474639e-17 9.474639e-17 0.000000e+00
9.220000e+01 9.274704e-17 9.274704e-17 0.000000e+00
9.320000e+01 8.372184e-17 8.372184e-17 0.000000e+00
9.420000e+01 4.712364e-17 4.712364e-17 0.000000e+00
9.520000e+01 1.865105e-17 1.865105e-17 0.000000e+00
9.620000e+01 7.343239e-18 7.343239e-18 0.000000e+00
9.720000e+01 2.809388e-18 2.809388e-18 0.000000e+00
9.820000e+01 1.753166e-18 1.753166e-18 0.000000e+00
9.920000e+01 1.839756e-18 1.839756e-18 0.000000e+00
1.002000e+02 2.269531e-18 2.269531e-18 0.000000e+00
1.012000e+02 2.890219e-18 2.890219e-18 0.000000e+00
1.022000e+02 3.725009e-18 3.725009e-18 0.000000e+00
1.032000e+02 4.881233e-18 4.881233e-18 0.000000e+00
1.042000e+02 6.855876e-18 6.855876e-18 0.000000e+00
1.052000e+02 1.012377e-17 1.012377e-17 0.000000e+00
1.062000e+02 1.415435e-17 1.415435e-17 0.000000e+00
1.072000e+02 1.681669e-17 1.681669e-17 0.000000e+00
1.082000e+02 1.769879e-17 1.769879e-17 0.000000e+00
1.092000e+02 1.742733e-17 1.742733e-17 0.000000e+00
1.102000e+02 2.235424e-17 2.235424e-17 0.000000e+00
1.112000e+02 5.029245e-17 5.029245e-17 0.000000e+00
1.122000e+02 6.101513e-17 6.101513e-17 0.000000e+00
1.132000e+02 2.814467e-18 2.814467e-18 0.000000e+00
1.142000e+02 1.708363e-18 1.708363e-18 0.000000e+00
1.152000e+02 1.003992e-18 1.003992e-18 0.000000e+00
1.162000e+02 6.177306e-19 6.177306e-19 0.000000e+00
1.172000e+02 4.265054e-19 4.265054e-19 0.000000e+00
1.182000e+02 3.579994e-19 3.579994e-19 0.000000e+00
1.192000e+02 3.557341e-19 3.557341e-19 0.000000e+00
1.202000e+02 3.680561e-19 3.680561e-19 0.000000e+00
1.212000e+02 3.482831e-19 3.482831e-19 0.000000e+00
1.222000e+02 2.980581e-19 0.000000e+00 0.000000e+00
1.232000e+02 2.429429e-19 0.000000e+00 0.000000e+00
1.242000e+02 1.962074e-19 0.000000e+00 0.000000e+00
1.252000e+02 1.625168e-19 0.000000e+00 0.000000e+00
1.262000e+02 1.404982e-19 0.000000e+00 0.000000e+00
1.272000e+02 1.275122e-19 0.000000e+00 0.000000e+00
1.282000e+02 1.194934e-19 0.000000e+00 0.000000e+00
1.292000e+02 1.156604e-19 0.000000e+00 0.000000e+00
1.302000e+02 1.139940e-19 0.000000e+00 0.000000e+00
1.312000e+02 1.144874e-19 0.000000e+00 0.000000e+00
1.322000e+02 1.170326e-19 0.000000e+00 0.000000e+00
1.332000e+02 1.208780e-19 0.000000e+00 0.000000e+00
1.342000e+02 1.263264e-19 0.000000e+00 0.000000e+00
1.352000e+02 1.325288e-19 0.000000e+00 0.000000e+00
1.362000e+02 1.398083e-19 0.000000e+00 0.000000e+00
1.372000e+02 1.478906e-19 0.000000e+00 0.000000e+00
1.382000e+02 1.564549e-19 0.000000e+00 0.000000e+00
1.392000e+02 1.663411e-19 0.000000e+00 0.000000e+00
1.402000e+02 1.766193e-19 0.000000e+00 0.000000e+00
1.412000e+02 1.879327e-19 0.000000e+00 0.000000e+00
1.422000e+02 2.001393e-19 0.000000e+00 0.000000e+00
1.432000e+02 2.131069e-19 0.000000e+00 0.000000e+00
1.442000e+02 2.269578e-19 0.000000e+00 0.000000e+00
1.452000e+02 2.414543e-19 0.000000e+00 0.000000e+00
1.462000e+02 2.566966e-19 0.000000e+00 0.000000e+00
1.472000e+02 2.722581e-19 0.000000e+00 0.000000e+00
1.482000e+02 2.879832e-19 0.000000e+00 0.000000e+00
1.492000e+02 3.035519e-19 0.000000e+00 0.000000e+00
1.502000e+02 3.190709e-19 0.000000e+00 0.000000e+00
1.512000e+02 3.340841e-19 0.000000e+00 0.000000e+00
1.522000e+02 3.477488e-19 0.000000e+00 0.000000e+00
1.532000e+02 3.599558e-19 0.000000e+00 0.000000e+00
1.542000e+02 3.704291e-19 0.000000e+00 0.000000e+00
1.552000e+02 3.787028e-19 0.000000e+00 0.000000e+00
1.562000e+02 3.835613e-19 0.000000e+00 0.000000e+00
1.572000e+02 3.845765e-19 0.000000e+00 0.000000e+00
1.582000e+02 3.816704e-19 0.000000e+00 0.000000e+00
1.592000e+02 3.743181e-19 0.000000e+00 0.000000e+00
1.602000e+02 3.625543e-19 0.000000e+00 0.000000e+00
1.612000e+02 3.456610e-19 0.000000e+00 0.000000e+00
1.622000e+02 3.242753e-19 0.000000e+00 0.000000e+00
1.632000e+02 2.973643e-19 0.000000e+00 0.000000e+00
1.642000e+02 2.647476e-19 0.000000e+00 0.000000e+00
1.652000e+02 2.280913e-19 0.000000e+00 0.000000e+00
1.662000e+02 1.897631e-19 0.000000e+00 0.000000e+00
1.672000e+02 1.509701e-19 0.000000e+00 0.000000e+00
1.682000e+02 8.679909e-20 0.000000e+00 0.000000e+00
1.692000e+02 4.614013e-20 0.000000e+00 0.000000e+00
1.702000e+02 1.531302e-20 0.000000e+00 0.000000e+00
1.712000e+02 7.269637e-23 0.000000e+00 0.000000e+00
1.722000e+02 7.638767e-23 0.000000e+00 0.000000e+00
1.732000e+02 7.389057e-23 0.000000e+00 0.000000e+00
1.742000e+02 6.673550e-23 0.000000e+00 0.000000e+00
1.752000e+02 5.514764e-23 0.000000e+00 0.000000e+00
1.762000e+02 4.040359e-23 0.000000e+00 0.000000e+00
1.772000e+02 2.478455e-23 0.000000e+00 0.000000e+00
1.782000e+02 1.156305e-23 0.000000e+00 0.000000e+00
1.792000e+02 3.325470e-24 0.000000e+00 0.000000e+00
1.802000e+02 4.847665e-25 0.000000e+00 0.000000e+00
1.812000e+02 7.812308e-26 0.000000e+00 0.000000e+00
1.822000e+02 1.604607e-26 0.000000e+00 0.000000e+00
1.832000e+02 3.787588e-27 0.000000e+00 0.000000e+00
1.842000e+02 1.112602e-27 0.000000e+00 0.000000e+00
1.852000e+02 5.012172e-28 0.000000e+00 0.000000e+00
1.862000e+02 4.267421e-28 0.000000e+00 0.000000e+00
1.872000e+02 4.730213e-28 0.000000e+00 0.000000e+00
1.882000e+02 5.287627e-28 0.000000e+00 0.000000e+00
1.892000e+02 6.191418e-28 0.000000e+00 0.000000e+00
1.902000e+02 7.664614e-28 0.000000e+00 0.000000e+00
1.912000e+02 9.352536e-28 0.000000e+00 0.000000e+00
1.922000e+02 1.104046e-27 0.000000e+00 0.000000e+00
1.932000e+02 1.267873e-27 0.000000e+00 0.000000e+00
1.942000e+02 1.434182e-27 0.000000e+00 0.000000e+00
1.952000e+02 1.655823e-27 0.000000e+00 0.000000e+00
1.962000e+02 1.991363e-27 0.000000e+00 0.000000e+00
1.972000e+02 2.321744e-27 0.000000e+00 0.000000e+00
1.982000e+02 2.750304e-27 0.000000e+00 0.000000e+00
1.992000e+02 3.215105e-27 0.000000e+00 0.000000e+00
2.002000e+02 3.679907e-27 0.000000e+00 0.000000e+00
2.012000e+02 4.158358e-27 0.000000e+00 0.000000e+00
2.022000e+02 5.107947e-27 0.000000e+00 0.000000e+00
2.032000e+02 6.036879e-27 0.000000e+00 0.000000e+00
2.042000e+02 6.965811e-27 0.000000e+00 0.000000e+00
2.052000e+02 7.863778e-27 0.000000e+00 0.000000e+00
2.062000e+02 8.898612e-27 0.000000e+00 0.000000e+00
2.072000e+02 0.000000e+00 0.000000e+00 0.000000e+00
2.082000e+02 0.000000e+00 0.000000e+00 0.000000e+00
2.092000e+02 0.000000e+00 0.000000e+00 0.000000e+00
2.102000e+02 0.000000e+00 0.000000e+00 0.000000e+00
2.112000e+02 0.000000e+00 0.000000e+00 0.000000e+00
2.122000e+02 0.000000e+00 0.000000e+00 0.000000e+00
2.132000e+02 0.000000e+00 0.000000e+00 0.000000e+00
2.142000e+02 0.000000e+00 0.000000e+00 0.000000e+00
2.152000e+02 0.000000e+00 0.000000e+00 0.000000e+00
2.162000e+02 0.000000e+00 0.000000e+00 0.000000e+00
2.172000e+02 0.000000e+00 0.000000e+00 0.000000e+00
2.182000e+02 0.000000e+00 0.000000e+00 0.000000e+00
2.192000e+02 0.000000e+00 0.000000e+00 0.000000e+00
2.202000e+02 0.000000e+00 0.000000e+00 0.000000e+00
2.212000e+02 0.000000e+00 0.000000e+00 0.000000e+00
2.222000e+02 0.000000e+00 0.000000e+00 0.000000e+00
2.232000e+02 0.000000e+00 0.000000e+00 0.000000e+00
2.242000e+02 0.000000e+00 0.000000e+00 0.000000e+00
2.252000e+02 0.000000e+00 0.000000e+00 0.000000e+00
2.262000e+02 0.000000e+00 0.000000e+00 0.000000e+00
2.272000e+02 0.000000e+00 0.000000e+00 0.000000e+00
2.282000e+02 0.000000e+00 0.000000e+00 0.000000e+00
2.292000e+02 0.000000e+00 0.000000e+00 0.000000e+00
2.302000e+02 0.000000e+00 0.000000e+00 0.000000e+00
2.312000e+02 0.000000e+00 0.000000e+00 0.000000e+00
2.322000e+02 0.000000e+00 0.000000e+00 0.000000e+00
2.332000e+02 0.000000e+00 0.000000e+00 0.000000e+00
2.342000e+02 0.000000e+00 0.000000e+00 0.000000e+00
2.352000e+02 0.000000e+00 0.000000e+00 0.000000e+00
2.362000e+02 0.000000e+00 0.000000e+00 0.000000e+00
2.372000e+02 0.000000e+00 0.000000e+00 0.000000e+00
2.382000e+02 0.000000e+00 0.000000e+00 0.000000e+00
2.392000e+02 0.000000e+00 0.000000e+00 0.000000e+00
2.402000e+02 0.000000e+00 0.000000e+00 0.000000e+00
2.412000e+02 0.000000e+00 0.000000e+00 0.000000e+00
2.422000e+02 0.000000e+00 0.000000e+00 0.000000e+00
2.432000e+02 0.000000e+00 0.000000e+00 0.000000e+00
2.442000e+02 0.000000e+00 0.000000e+00 0.000000e+00
2.452000e+02 0.000000e+00 0.000000e+00 0.000000e+00
2.462000e+02 0.000000e+00 0.000000e+00 0.000000e+00
2.472000e+02 0.000000e+00 0.000000e+00 0.000000e+00
2.482000e+02 0.000000e+00 0.000000e+00 0.000000e+00
2.492000e+02 0.000000e+00 0.000000e+00 0.000000e+00
2.502000e+02 0.000000e+00 0.000000e+00 0.000000e+00
2.512000e+02 0.000000e+00 0.000000e+00 0.000000e+00
2.522000e+02 0.000000e+00 0.000000e+00 0.000000e+00
2.532000e+02 0.000000e+00 0.000000e+00 0.000000e+00
2.542000e+02 0.000000e+00 0.000000e+00 0.000000e+00
2.552000e+02 0.000000e+00 0.000000e+00 0.000000e+00
2.562000e+02 0.000000e+00 0.000000e+00 0.000000e+00
2.572000e+02 0.000000e+00 0.000000e+00 0.000000e+00
2.582000e+02 0.000000e+00 0.000000e+00 0.000000e+00
2.592000e+02 0.000000e+00 0.000000e+00 0.000000e+00
2.602000e+02 0.000000e+00 0.000000e+00 0.000000e+00
2.612000e+02 0.000000e+00 0.000000e+00 0.000000e+00
2.622000e+02 0.000000e+00 0.000000e+00 0.000000e+00
2.632000e+02 0.000000e+00 0.000000e+00 0.000000e+00
2.642000e+02 0.000000e+00 0.000000e+00 0.000000e+00
2.652000e+02 0.000000e+00 0.000000e+00 0.000000e+00
2.662000e+02 0.000000e+00 0.000000e+00 0.000000e+00
2.672000e+02 0.000000e+00 0.000000e+00 0.000000e+00
2.682000e+02 0.000000e+00 0.000000e+00 0.000000e+00
2.692000e+02 0.000000e+00 0.000000e+00 0.000000e+00
2.702000e+02 0.000000e+00 0.000000e+00 0.000000e+00
2.712000e+02 0.000000e+00 0.000000e+00 0.000000e+00
2.722000e+02 0.000000e+00 0.000000e+00 0.000000e+00
2.732000e+02 0.000000e+00 0.000000e+00 0.000000e+00
2.742000e+02 0.000000e+00 0.000000e+00 0.000000e+00
2.752000e+02 0.000000e+00 0.000000e+00 0.000000e+00
2.762000e+02 0.000000e+00 0.000000e+00 0.000000e+00
2.772000e+02 0.000000e+00 0.000000e+00 0.000000e+00
2.782000e+02 0.000000e+00 0.000000e+00 0.000000e+00
2.792000e+02 0.000000e+00 0.000000e+00 0.000000e+00
2.802000e+02 0.000000e+00 0.000000e+00 0.000000e+00
2.812000e+02 0.000000e+00 0.000000e+00 0.000000e+00
2.822000e+02 0.000000e+00 0.000000e+00 0.000000e+00
2.832000e+02 0.000000e+00 0.000000e+00 0.000000e+00
2.842000e+02 0.000000e+00 0.000000e+00 0.000000e+00
2.852000e+02 0.000000e+00 0.000000e+00 0.000000e+00
2.862000e+02 0.000000e+00 0.000000e+00 0.000000e+00
2.872000e+02 0.000000e+00 0.000000e+00 0.000000e+00
2.882000e+02 0.000000e+00 0.000000e+00 0.000000e+00
2.892000e+02 0.000000e+00 0.000000e+00 0.000000e+00
2.902000e+02 0.000000e+00 0.000000e+00 0.000000e+00
2.912000e+02 0.000000e+00 0.000000e+00 0.000000e+00
2.922000e+02 0.000000e+00 0.000000e+00 0.000000e+00
2.932000e+02 0.000000e+00 0.000000e+00 0.000000e+00
2.942000e+02 0.000000e+00 0.000000e+00 0.000000e+00
2.952000e+02 0.000000e+00 0.000000e+00 0.000000e+00
2.962000e+02 0.000000e+00 0.000000e+00 0.000000e+00
2.972000e+02 0.000000e+00 0.000000e+00 0.000000e+00
2.982000e+02 0.000000e+00 0.000000e+00 0.000000e+00
2.992000e+02 0.000000e+00 0.000000e+00 0.000000e+00
3.002000e+02 0.000000e+00 0.000000e+00 0.000000e+00
3.012000e+02 0.000000e+00 0.000000e+00 0.000000e+00
3.022000e+02 0.000000e+00 0.000000e+00 0.000000e+00
3.032000e+02 0.000000e+00 0.000000e+00 0.000000e+00
3.042000e+02 0.000000e+00 0.000000e+00 0.000000e+00
3.052000e+02 0.000000e+00 0.000000e+00 0.000000e+00
3.062000e+02 0.000000e+00 0.000000e+00 0.000000e+00
3.072000e+02 0.000000e+00 0.000000e+00 0.000000e+00
3.082000e+02 0.000000e+00 0.000000e+00 0.000000e+00
3.092000e+02 0.000000e+00 0.000000e+00 0.000000e+00
3.102000e+02 0.000000e+00 0.000000e+00 0.000000e+00
3.112000e+02 0.000000e+00 0.000000e+00 0.000000e+00
3.122000e+02 0.000000e+00 0.000000e+00 0.000000e+00
3.132000e+02 0.000000e+00 0.000000e+00 0.000000e+00
3.142000e+02 0.000000e+00 0.000000e+00 0.000000e+00
3.152000e+02 0.000000e+00 0.000000e+00 0.000000e+00
3.162000e+02 0.000000e+00 0.000000e+00 0.000000e+00
3.172000e+02 0.000000e+00 0.000000e+00 0.000000e+00
3.182000e+02 0.000000e+00 0.000000e+00 0.000000e+00
3.192000e+02 0.000000e+00 0.000000e+00 0.000000e+00
3.202000e+02 0.000000e+00 0.000000e+00 0.000000e+00
3.212000e+02 0.000000e+00 0.000000e+00 0.000000e+00
3.222000e+02 0.000000e+00 0.000000e+00 0.000000e+00
3.232000e+02 0.000000e+00 0.000000e+00 0.000000e+00
3.242000e+02 0.000000e+00 0.000000e+00 0.000000e+00
3.252000e+02 0.000000e+00 0.000000e+00 0.000000e+00
3.262000e+02 0.000000e+00 0.000000e+00 0.000000e+00
3.272000e+02 0.000000e+00 0.000000e+00 0.000000e+00
3.282000e+02 0.000000e+00 0.000000e+00 0.000000e+00
3.292000e+02 0.000000e+00 0.000000e+00 0.000000e+00
3.302000e+02 0.000000e+00 0.000000e+00 0.000000e+00
3.312000e+02 0.000000e+00 0.000000e+00 0.000000e+00
3.322000e+02 0.000000e+00 0.000000e+00 0.000000e+00
3.332000e+02 0.000000e+00 0.000000e+00 0.000000e+00
3.342000e+02 0.000000e+00 0.000000e+00 0.000000e+00
3.352000e+02 0.000000e+00 0.000000e+00 0.000000e+00
3.362000e+02 0.000000e+00 0.000000e+00 0.000000e+00
3.372000e+02 0.000000e+00 0.000000e+00 0.000000e+00
3.382000e+02 0.000000e+00 0.000000e+00 0.000000e+00
3.392000e+02 0.000000e+00 0.000000e+00 0.000000e+00
3.402000e+02 0.000000e+00 0.000000e+00 0.000000e+00
3.412000e+02 0.000000e+00 0.000000e+00 0.000000e+00
3.422000e+02 0.000000e+00 0.000000e+00 0.000000e+00
3.432000e+02 0.000000e+00 0.000000e+00 0.000000e+00
3.442000e+02 0.000000e+00 0.000000e+00 0.000000e+00
3.452000e+02 0.000000e+00 0.000000e+00 0.000000e+00
3.462000e+02 0.000000e+00 0.000000e+00 0.000000e+00
3.472000e+02 0.000000e+00 0.000000e+00 0.000000e+00
3.482000e+02 0.000000e+00 0.000000e+00 0.000000e+00
3.492000e+02 0.000000e+00 0.000000e+00 0.000000e+00
3.502000e+02 0.000000e+00 0.000000e+00 0.000000e+00
3.512000e+02 0.000000e+00 0.000000e+00 0.000000e+00
3.522000e+02 0.000000e+00 0.000000e+00 0.000000e+00
3.532000e+02 0.000000e+00 0.000000e+00 0.000000e+00
3.542000e+02 0.000000e+00 0.000000e+00 0.000000e+00
3.552000e+02 0.000000e+00 0.000000e+00 0.000000e+00
3.562000e+02 0.000000e+00 0.000000e+00 0.000000e+00
3.572000e+02 0.000000e+00 0.000000e+00 0.000000e+00
3.582000e+02 0.000000e+00 0.000000e+00 0.000000e+00
3.592000e+02 0.000000e+00 0.000000e+00 0.000000e+00
3.602000e+02 0.000000e+00 0.000000e+00 0.000000e+00
3.612000e+02 0.000000e+00 0.000000e+00 0.000000e+00
3.622000e+02 0.000000e+00 0.000000e+00 0.000000e+00
3.632000e+02 0.000000e+00 0.000000e+00 0.000000e+00
3.642000e+02 0.000000e+00 0.000000e+00 0.000000e+00
3.652000e+02 0.000000e+00 0.000000e+00 0.000000e+00
3.662000e+02 0.000000e+00 0.000000e+00 0.000000e+00
3.672000e+02 0.000000e+00 0.000000e+00 0.000000e+00
3.682000e+02 0.000000e+00 0.000000e+00 0.000000e+00
3.692000e+02 0.000000e+00 0.000000e+00 0.000000e+00
3.702000e+02 0.000000e+00 0.000000e+00 0.000000e+00
3.712000e+02 0.000000e+00 0.000000e+00 0.000000e+00
3.722000e+02 0.000000e+00 0.000000e+00 0.000000e+00
3.732000e+02 0.000000e+00 0.000000e+00 0.000000e+00
3.742000e+02 0.000000e+00 0.000000e+00 0.000000e+00
3.752000e+02 0.000000e+00 0.000000e+00 0.000000e+00
3.762000e+02 0.000000e+00 0.000000e+00 0.000000e+00
3.772000e+02 0.000000e+00 0.000000e+00 0.000000e+00
3.782000e+02 0.000000e+00 0.000000e+00 0.000000e+00
3.792000e+02 0.000000e+00 0.000000e+00 0.000000e+00
3.802000e+02 0.000000e+00 0.000000e+00 0.000000e+00
3.812000e+02 0.000000e+00 0.000000e+00 0.000000e+00
3.822000e+02 0.000000e+00 0.000000e+00 0.000000e+00
3.832000e+02 0.000000e+00 0.000000e+00 0.000000e+00
3.842000e+02 0.000000e+00 0.000000e+00 0.000000e+00
3.852000e+02 0.000000e+00 0.000000e+00 0.000000e+00
3.862000e+02 0.000000e+00 0.000000e+00 0.000000e+00
3.872000e+02 0.000000e+00 0.000000e+00 0.000000e+00
3.882000e+02 0.000000e+00 0.000000e+00 0.000000e+00
3.892000e+02 0.000000e+00 0.000000e+00 0.000000e+00
3.902000e+02 0.000000e+00 0.000000e+00 0.000000e+00
3.912000e+02 0.000000e+00 0.000000e+00 0.000000e+00
3.922000e+02 0.000000e+00 0.000000e+00 0.000000e+00
3.932000e+02 0.000000e+00 0.000000e+00 0.000000e+00
3.942000e+02 0.000000e+00 0.000000e+00 0.000000e+00
3.952000e+02 0.000000e+00 0.000000e+00 0.000000e+00
3.962000e+02 0.000000e+00 0.000000e+00 0.000000e+00
3.972000e+02 0.000000e+00 0.000000e+00 0.000000e+00
3.982000e+02 0.000000e+00 0.000000e+00 0.000000e+00
3.992000e+02 0.000000e+00 0.000000e+00 0.000000e+00
