# CO2 cross sections
# #photoabsorption   -- Photoabsorption cross section (cm2)
# #photodissociation -- Photodissociation cross section (cm2)
# #photoionisation   -- Photoionisation cross section (cm2)
# #This version has been resampled to a uniform 0.1nm grid while maintaining a constant integrated cross section (using trapezoidal integration).
# #wavelength photoabsorption photodissociation photoionisation
9.120000e+01 5.136217e-17 5.136363e-17 0.000000e+00
9.220000e+01 3.793745e-17 3.793721e-17 0.000000e+00
9.320000e+01 3.340881e-17 3.340984e-17 0.000000e+00
9.420000e+01 3.744564e-17 3.744448e-17 0.000000e+00
9.520000e+01 5.564989e-17 5.565243e-17 0.000000e+00
9.620000e+01 3.557700e-17 3.557744e-17 0.000000e+00
9.720000e+01 1.647666e-17 1.647630e-17 0.000000e+00
9.820000e+01 1.034851e-16 9.191818e-17 0.000000e+00
9.920000e+01 6.483100e-17 6.613150e-17 0.000000e+00
1.002000e+02 3.744747e-17 3.749053e-17 0.000000e+00
1.012000e+02 2.653554e-17 2.715442e-17 0.000000e+00
1.022000e+02 4.627077e-17 4.847360e-17 0.000000e+00
1.032000e+02 1.773405e-17 1.893171e-17 0.000000e+00
1.042000e+02 1.738071e-17 1.743858e-17 0.000000e+00
1.052000e+02 1.156428e-17 1.707071e-17 0.000000e+00
1.062000e+02 2.425050e-17 2.493123e-17 0.000000e+00
1.072000e+02 1.071678e-17 1.074831e-17 0.000000e+00
1.082000e+02 1.799682e-17 1.798708e-17 0.000000e+00
1.092000e+02 1.443013e-17 1.442351e-17 0.000000e+00
1.102000e+02 1.066634e-17 1.066402e-17 0.000000e+00
1.112000e+02 3.750259e-17 3.748873e-17 0.000000e+00
1.122000e+02 1.579842e-16 1.579870e-16 0.000000e+00
1.132000e+02 2.403421e-17 2.405679e-17 0.000000e+00
1.142000e+02 1.496312e-17 1.496329e-17 0.000000e+00
1.152000e+02 1.250986e-18 1.251725e-18 0.000000e+00
1.162000e+02 2.264004e-19 2.265501e-19 0.000000e+00
1.172000e+02 1.326900e-19 1.326042e-19 0.000000e+00
1.182000e+02 5.879384e-20 5.892504e-20 0.000000e+00
1.192000e+02 4.200122e-20 4.199866e-20 0.000000e+00
1.202000e+02 4.176889e-20 4.177068e-20 0.000000e+00
1.212000e+02 5.259605e-20 5.259534e-20 0.000000e+00
1.222000e+02 7.231097e-20 7.231771e-20 0.000000e+00
1.232000e+02 1.093588e-19 1.093554e-19 0.000000e+00
1.242000e+02 1.701513e-19 1.701599e-19 0.000000e+00
1.252000e+02 2.358677e-19 2.358369e-19 0.000000e+00
1.262000e+02 3.401235e-19 3.401077e-19 0.000000e+00
1.272000e+02 4.818300e-19 4.817765e-19 0.000000e+00
1.282000e+02 5.710549e-19 5.710293e-19 0.000000e+00
1.292000e+02 7.987922e-19 7.988105e-19 0.000000e+00
1.302000e+02 1.059101e-18 1.058953e-18 0.000000e+00
1.312000e+02 8.545910e-19 8.546013e-19 0.000000e+00
1.322000e+02 6.401469e-19 6.401969e-19 0.000000e+00
1.332000e+02 6.137499e-19 6.137733e-19 0.000000e+00
1.342000e+02 6.028865e-19 6.028757e-19 0.000000e+00
1.352000e+02 6.030031e-19 6.030368e-19 0.000000e+00
1.362000e+02 6.153359e-19 6.153947e-19 0.000000e+00
1.372000e+02 5.594631e-19 5.593909e-19 0.000000e+00
1.382000e+02 5.094805e-19 5.094922e-19 0.000000e+00
1.392000e+02 4.977843e-19 4.978392e-19 0.000000e+00
1.402000e+02 5.407113e-19 5.407472e-19 0.000000e+00
1.412000e+02 5.423815e-19 5.423719e-19 0.000000e+00
1.422000e+02 5.456362e-19 5.456407e-19 0.000000e+00
1.432000e+02 5.640598e-19 5.640249e-19 0.000000e+00
1.442000e+02 5.535800e-19 5.536039e-19 0.000000e+00
1.452000e+02 5.248947e-19 5.248949e-19 0.000000e+00
1.462000e+02 4.824804e-19 4.824986e-19 0.000000e+00
1.472000e+02 5.082433e-19 5.082935e-19 0.000000e+00
1.482000e+02 5.639504e-19 5.639667e-19 0.000000e+00
1.492000e+02 5.466041e-19 5.466180e-19 0.000000e+00
1.502000e+02 4.733471e-19 4.733594e-19 0.000000e+00
1.512000e+02 4.111632e-19 4.111698e-19 0.000000e+00
1.522000e+02 3.919341e-19 3.919335e-19 0.000000e+00
1.532000e+02 4.109702e-19 4.109677e-19 0.000000e+00
1.542000e+02 3.972252e-19 3.972204e-19 0.000000e+00
1.552000e+02 3.029637e-19 3.029782e-19 0.000000e+00
1.562000e+02 2.672459e-19 2.672677e-19 0.000000e+00
1.572000e+02 2.795093e-19 2.795144e-19 0.000000e+00
1.582000e+02 2.185924e-19 2.185934e-19 0.000000e+00
1.592000e+02 1.623620e-19 1.623521e-19 0.000000e+00
1.602000e+02 1.740554e-19 1.740431e-19 0.000000e+00
1.612000e+02 1.533242e-19 1.533244e-19 0.000000e+00
1.622000e+02 1.119619e-19 1.119594e-19 0.000000e+00
1.632000e+02 9.650339e-20 9.651479e-20 0.000000e+00
1.642000e+02 8.477869e-20 8.479117e-20 0.000000e+00
1.652000e+02 6.398264e-20 6.397320e-20 0.000000e+00
1.662000e+02 6.113221e-20 6.113843e-20 0.000000e+00
1.672000e+02 4.068405e-20 4.068666e-20 0.000000e+00
1.682000e+02 3.424792e-20 3.424864e-20 0.000000e+00
1.692000e+02 3.320243e-20 3.320379e-20 0.000000e+00
1.702000e+02 2.101171e-20 2.101315e-20 0.000000e+00
1.712000e+02 1.781327e-20 1.781345e-20 0.000000e+00
1.722000e+02 1.316326e-20 1.316373e-20 0.000000e+00
1.732000e+02 9.897707e-21 9.896993e-21 0.000000e+00
1.742000e+02 8.794109e-21 8.793463e-21 0.000000e+00
1.752000e+02 5.862763e-21 5.861540e-21 0.000000e+00
1.762000e+02 4.706883e-21 4.707472e-21 0.000000e+00
1.772000e+02 3.620381e-21 3.620005e-21 0.000000e+00
1.782000e+02 3.161723e-21 3.161940e-21 0.000000e+00
1.792000e+02 1.930761e-21 1.930911e-21 0.000000e+00
1.802000e+02 1.795545e-21 1.795914e-21 0.000000e+00
1.812000e+02 1.076394e-21 1.076481e-21 0.000000e+00
1.822000e+02 7.825740e-22 7.826050e-22 0.000000e+00
1.832000e+02 5.168430e-22 5.167571e-22 0.000000e+00
1.842000e+02 4.091851e-22 4.092366e-22 0.000000e+00
1.852000e+02 2.733267e-22 2.733393e-22 0.000000e+00
1.862000e+02 2.429552e-22 2.429812e-22 0.000000e+00
1.872000e+02 1.637300e-22 1.637293e-22 0.000000e+00
1.882000e+02 1.368085e-22 1.367930e-22 0.000000e+00
1.892000e+02 9.043818e-23 9.041779e-23 0.000000e+00
1.902000e+02 6.954927e-23 6.955213e-23 0.000000e+00
1.912000e+02 4.348654e-23 4.348316e-23 0.000000e+00
1.922000e+02 4.426908e-23 4.426837e-23 0.000000e+00
1.932000e+02 2.502795e-23 2.502617e-23 0.000000e+00
1.942000e+02 2.181302e-23 2.181294e-23 0.000000e+00
1.952000e+02 1.280336e-23 1.280630e-23 0.000000e+00
1.962000e+02 9.316316e-24 9.317518e-24 0.000000e+00
1.972000e+02 6.909268e-24 6.911568e-24 0.000000e+00
1.982000e+02 5.055490e-24 5.058804e-24 0.000000e+00
1.992000e+02 3.885954e-24 3.887696e-24 0.000000e+00
2.002000e+02 1.806474e-24 1.770777e-24 0.000000e+00
2.012000e+02 0.000000e+00 0.000000e+00 0.000000e+00
2.022000e+02 0.000000e+00 0.000000e+00 0.000000e+00
2.032000e+02 0.000000e+00 0.000000e+00 0.000000e+00
2.042000e+02 0.000000e+00 0.000000e+00 0.000000e+00
2.052000e+02 0.000000e+00 0.000000e+00 0.000000e+00
2.062000e+02 0.000000e+00 0.000000e+00 0.000000e+00
2.072000e+02 0.000000e+00 0.000000e+00 0.000000e+00
2.082000e+02 0.000000e+00 0.000000e+00 0.000000e+00
2.092000e+02 0.000000e+00 0.000000e+00 0.000000e+00
2.102000e+02 0.000000e+00 0.000000e+00 0.000000e+00
2.112000e+02 0.000000e+00 0.000000e+00 0.000000e+00
2.122000e+02 0.000000e+00 0.000000e+00 0.000000e+00
2.132000e+02 0.000000e+00 0.000000e+00 0.000000e+00
2.142000e+02 0.000000e+00 0.000000e+00 0.000000e+00
2.152000e+02 0.000000e+00 0.000000e+00 0.000000e+00
2.162000e+02 0.000000e+00 0.000000e+00 0.000000e+00
2.172000e+02 0.000000e+00 0.000000e+00 0.000000e+00
2.182000e+02 0.000000e+00 0.000000e+00 0.000000e+00
2.192000e+02 0.000000e+00 0.000000e+00 0.000000e+00
2.202000e+02 0.000000e+00 0.000000e+00 0.000000e+00
2.212000e+02 0.000000e+00 0.000000e+00 0.000000e+00
2.222000e+02 0.000000e+00 0.000000e+00 0.000000e+00
2.232000e+02 0.000000e+00 0.000000e+00 0.000000e+00
2.242000e+02 0.000000e+00 0.000000e+00 0.000000e+00
2.252000e+02 0.000000e+00 0.000000e+00 0.000000e+00
2.262000e+02 0.000000e+00 0.000000e+00 0.000000e+00
2.272000e+02 0.000000e+00 0.000000e+00 0.000000e+00
2.282000e+02 0.000000e+00 0.000000e+00 0.000000e+00
2.292000e+02 0.000000e+00 0.000000e+00 0.000000e+00
2.302000e+02 0.000000e+00 0.000000e+00 0.000000e+00
2.312000e+02 0.000000e+00 0.000000e+00 0.000000e+00
2.322000e+02 0.000000e+00 0.000000e+00 0.000000e+00
2.332000e+02 0.000000e+00 0.000000e+00 0.000000e+00
2.342000e+02 0.000000e+00 0.000000e+00 0.000000e+00
2.352000e+02 0.000000e+00 0.000000e+00 0.000000e+00
2.362000e+02 0.000000e+00 0.000000e+00 0.000000e+00
2.372000e+02 0.000000e+00 0.000000e+00 0.000000e+00
2.382000e+02 0.000000e+00 0.000000e+00 0.000000e+00
2.392000e+02 0.000000e+00 0.000000e+00 0.000000e+00
2.402000e+02 0.000000e+00 0.000000e+00 0.000000e+00
2.412000e+02 0.000000e+00 0.000000e+00 0.000000e+00
2.422000e+02 0.000000e+00 0.000000e+00 0.000000e+00
2.432000e+02 0.000000e+00 0.000000e+00 0.000000e+00
2.442000e+02 0.000000e+00 0.000000e+00 0.000000e+00
2.452000e+02 0.000000e+00 0.000000e+00 0.000000e+00
2.462000e+02 0.000000e+00 0.000000e+00 0.000000e+00
2.472000e+02 0.000000e+00 0.000000e+00 0.000000e+00
2.482000e+02 0.000000e+00 0.000000e+00 0.000000e+00
2.492000e+02 0.000000e+00 0.000000e+00 0.000000e+00
2.502000e+02 0.000000e+00 0.000000e+00 0.000000e+00
2.512000e+02 0.000000e+00 0.000000e+00 0.000000e+00
2.522000e+02 0.000000e+00 0.000000e+00 0.000000e+00
2.532000e+02 0.000000e+00 0.000000e+00 0.000000e+00
2.542000e+02 0.000000e+00 0.000000e+00 0.000000e+00
2.552000e+02 0.000000e+00 0.000000e+00 0.000000e+00
2.562000e+02 0.000000e+00 0.000000e+00 0.000000e+00
2.572000e+02 0.000000e+00 0.000000e+00 0.000000e+00
2.582000e+02 0.000000e+00 0.000000e+00 0.000000e+00
2.592000e+02 0.000000e+00 0.000000e+00 0.000000e+00
2.602000e+02 0.000000e+00 0.000000e+00 0.000000e+00
2.612000e+02 0.000000e+00 0.000000e+00 0.000000e+00
2.622000e+02 0.000000e+00 0.000000e+00 0.000000e+00
2.632000e+02 0.000000e+00 0.000000e+00 0.000000e+00
2.642000e+02 0.000000e+00 0.000000e+00 0.000000e+00
2.652000e+02 0.000000e+00 0.000000e+00 0.000000e+00
2.662000e+02 0.000000e+00 0.000000e+00 0.000000e+00
2.672000e+02 0.000000e+00 0.000000e+00 0.000000e+00
2.682000e+02 0.000000e+00 0.000000e+00 0.000000e+00
2.692000e+02 0.000000e+00 0.000000e+00 0.000000e+00
2.702000e+02 0.000000e+00 0.000000e+00 0.000000e+00
2.712000e+02 0.000000e+00 0.000000e+00 0.000000e+00
2.722000e+02 0.000000e+00 0.000000e+00 0.000000e+00
2.732000e+02 0.000000e+00 0.000000e+00 0.000000e+00
2.742000e+02 0.000000e+00 0.000000e+00 0.000000e+00
2.752000e+02 0.000000e+00 0.000000e+00 0.000000e+00
2.762000e+02 0.000000e+00 0.000000e+00 0.000000e+00
2.772000e+02 0.000000e+00 0.000000e+00 0.000000e+00
2.782000e+02 0.000000e+00 0.000000e+00 0.000000e+00
2.792000e+02 0.000000e+00 0.000000e+00 0.000000e+00
2.802000e+02 0.000000e+00 0.000000e+00 0.000000e+00
2.812000e+02 0.000000e+00 0.000000e+00 0.000000e+00
2.822000e+02 0.000000e+00 0.000000e+00 0.000000e+00
2.832000e+02 0.000000e+00 0.000000e+00 0.000000e+00
2.842000e+02 0.000000e+00 0.000000e+00 0.000000e+00
2.852000e+02 0.000000e+00 0.000000e+00 0.000000e+00
2.862000e+02 0.000000e+00 0.000000e+00 0.000000e+00
2.872000e+02 0.000000e+00 0.000000e+00 0.000000e+00
2.882000e+02 0.000000e+00 0.000000e+00 0.000000e+00
2.892000e+02 0.000000e+00 0.000000e+00 0.000000e+00
2.902000e+02 0.000000e+00 0.000000e+00 0.000000e+00
2.912000e+02 0.000000e+00 0.000000e+00 0.000000e+00
2.922000e+02 0.000000e+00 0.000000e+00 0.000000e+00
2.932000e+02 0.000000e+00 0.000000e+00 0.000000e+00
2.942000e+02 0.000000e+00 0.000000e+00 0.000000e+00
2.952000e+02 0.000000e+00 0.000000e+00 0.000000e+00
2.962000e+02 0.000000e+00 0.000000e+00 0.000000e+00
2.972000e+02 0.000000e+00 0.000000e+00 0.000000e+00
2.982000e+02 0.000000e+00 0.000000e+00 0.000000e+00
2.992000e+02 0.000000e+00 0.000000e+00 0.000000e+00
3.002000e+02 0.000000e+00 0.000000e+00 0.000000e+00
3.012000e+02 0.000000e+00 0.000000e+00 0.000000e+00
3.022000e+02 0.000000e+00 0.000000e+00 0.000000e+00
3.032000e+02 0.000000e+00 0.000000e+00 0.000000e+00
3.042000e+02 0.000000e+00 0.000000e+00 0.000000e+00
3.052000e+02 0.000000e+00 0.000000e+00 0.000000e+00
3.062000e+02 0.000000e+00 0.000000e+00 0.000000e+00
3.072000e+02 0.000000e+00 0.000000e+00 0.000000e+00
3.082000e+02 0.000000e+00 0.000000e+00 0.000000e+00
3.092000e+02 0.000000e+00 0.000000e+00 0.000000e+00
3.102000e+02 0.000000e+00 0.000000e+00 0.000000e+00
3.112000e+02 0.000000e+00 0.000000e+00 0.000000e+00
3.122000e+02 0.000000e+00 0.000000e+00 0.000000e+00
3.132000e+02 0.000000e+00 0.000000e+00 0.000000e+00
3.142000e+02 0.000000e+00 0.000000e+00 0.000000e+00
3.152000e+02 0.000000e+00 0.000000e+00 0.000000e+00
3.162000e+02 0.000000e+00 0.000000e+00 0.000000e+00
3.172000e+02 0.000000e+00 0.000000e+00 0.000000e+00
3.182000e+02 0.000000e+00 0.000000e+00 0.000000e+00
3.192000e+02 0.000000e+00 0.000000e+00 0.000000e+00
3.202000e+02 0.000000e+00 0.000000e+00 0.000000e+00
3.212000e+02 0.000000e+00 0.000000e+00 0.000000e+00
3.222000e+02 0.000000e+00 0.000000e+00 0.000000e+00
3.232000e+02 0.000000e+00 0.000000e+00 0.000000e+00
3.242000e+02 0.000000e+00 0.000000e+00 0.000000e+00
3.252000e+02 0.000000e+00 0.000000e+00 0.000000e+00
3.262000e+02 0.000000e+00 0.000000e+00 0.000000e+00
3.272000e+02 0.000000e+00 0.000000e+00 0.000000e+00
3.282000e+02 0.000000e+00 0.000000e+00 0.000000e+00
3.292000e+02 0.000000e+00 0.000000e+00 0.000000e+00
3.302000e+02 0.000000e+00 0.000000e+00 0.000000e+00
3.312000e+02 0.000000e+00 0.000000e+00 0.000000e+00
3.322000e+02 0.000000e+00 0.000000e+00 0.000000e+00
3.332000e+02 0.000000e+00 0.000000e+00 0.000000e+00
3.342000e+02 0.000000e+00 0.000000e+00 0.000000e+00
3.352000e+02 0.000000e+00 0.000000e+00 0.000000e+00
3.362000e+02 0.000000e+00 0.000000e+00 0.000000e+00
3.372000e+02 0.000000e+00 0.000000e+00 0.000000e+00
3.382000e+02 0.000000e+00 0.000000e+00 0.000000e+00
3.392000e+02 0.000000e+00 0.000000e+00 0.000000e+00
3.402000e+02 0.000000e+00 0.000000e+00 0.000000e+00
3.412000e+02 0.000000e+00 0.000000e+00 0.000000e+00
3.422000e+02 0.000000e+00 0.000000e+00 0.000000e+00
3.432000e+02 0.000000e+00 0.000000e+00 0.000000e+00
3.442000e+02 0.000000e+00 0.000000e+00 0.000000e+00
3.452000e+02 0.000000e+00 0.000000e+00 0.000000e+00
3.462000e+02 0.000000e+00 0.000000e+00 0.000000e+00
3.472000e+02 0.000000e+00 0.000000e+00 0.000000e+00
3.482000e+02 0.000000e+00 0.000000e+00 0.000000e+00
3.492000e+02 0.000000e+00 0.000000e+00 0.000000e+00
3.502000e+02 0.000000e+00 0.000000e+00 0.000000e+00
3.512000e+02 0.000000e+00 0.000000e+00 0.000000e+00
3.522000e+02 0.000000e+00 0.000000e+00 0.000000e+00
3.532000e+02 0.000000e+00 0.000000e+00 0.000000e+00
3.542000e+02 0.000000e+00 0.000000e+00 0.000000e+00
3.552000e+02 0.000000e+00 0.000000e+00 0.000000e+00
3.562000e+02 0.000000e+00 0.000000e+00 0.000000e+00
3.572000e+02 0.000000e+00 0.000000e+00 0.000000e+00
3.582000e+02 0.000000e+00 0.000000e+00 0.000000e+00
3.592000e+02 0.000000e+00 0.000000e+00 0.000000e+00
3.602000e+02 0.000000e+00 0.000000e+00 0.000000e+00
3.612000e+02 0.000000e+00 0.000000e+00 0.000000e+00
3.622000e+02 0.000000e+00 0.000000e+00 0.000000e+00
3.632000e+02 0.000000e+00 0.000000e+00 0.000000e+00
3.642000e+02 0.000000e+00 0.000000e+00 0.000000e+00
3.652000e+02 0.000000e+00 0.000000e+00 0.000000e+00
3.662000e+02 0.000000e+00 0.000000e+00 0.000000e+00
3.672000e+02 0.000000e+00 0.000000e+00 0.000000e+00
3.682000e+02 0.000000e+00 0.000000e+00 0.000000e+00
3.692000e+02 0.000000e+00 0.000000e+00 0.000000e+00
3.702000e+02 0.000000e+00 0.000000e+00 0.000000e+00
3.712000e+02 0.000000e+00 0.000000e+00 0.000000e+00
3.722000e+02 0.000000e+00 0.000000e+00 0.000000e+00
3.732000e+02 0.000000e+00 0.000000e+00 0.000000e+00
3.742000e+02 0.000000e+00 0.000000e+00 0.000000e+00
3.752000e+02 0.000000e+00 0.000000e+00 0.000000e+00
3.762000e+02 0.000000e+00 0.000000e+00 0.000000e+00
3.772000e+02 0.000000e+00 0.000000e+00 0.000000e+00
3.782000e+02 0.000000e+00 0.000000e+00 0.000000e+00
3.792000e+02 0.000000e+00 0.000000e+00 0.000000e+00
3.802000e+02 0.000000e+00 0.000000e+00 0.000000e+00
3.812000e+02 0.000000e+00 0.000000e+00 0.000000e+00
3.822000e+02 0.000000e+00 0.000000e+00 0.000000e+00
3.832000e+02 0.000000e+00 0.000000e+00 0.000000e+00
3.842000e+02 0.000000e+00 0.000000e+00 0.000000e+00
3.852000e+02 0.000000e+00 0.000000e+00 0.000000e+00
3.862000e+02 0.000000e+00 0.000000e+00 0.000000e+00
3.872000e+02 0.000000e+00 0.000000e+00 0.000000e+00
3.882000e+02 0.000000e+00 0.000000e+00 0.000000e+00
3.892000e+02 0.000000e+00 0.000000e+00 0.000000e+00
3.902000e+02 0.000000e+00 0.000000e+00 0.000000e+00
3.912000e+02 0.000000e+00 0.000000e+00 0.000000e+00
3.922000e+02 0.000000e+00 0.000000e+00 0.000000e+00
3.932000e+02 0.000000e+00 0.000000e+00 0.000000e+00
3.942000e+02 0.000000e+00 0.000000e+00 0.000000e+00
3.952000e+02 0.000000e+00 0.000000e+00 0.000000e+00
3.962000e+02 0.000000e+00 0.000000e+00 0.000000e+00
3.972000e+02 0.000000e+00 0.000000e+00 0.000000e+00
3.982000e+02 0.000000e+00 0.000000e+00 0.000000e+00
3.992000e+02 0.000000e+00 0.000000e+00 0.000000e+00
