# CS2 cross sections
# #photoabsorption   -- Photoabsorption cross section (cm2)
# #photodissociation -- Photodissociation cross section (cm2)
# #photoionisation   -- Photoionisation cross section (cm2)
# #This version has been resampled to a uniform 0.1nm grid while maintaining a constant integrated cross section (using trapezoidal integration).
# #wavelength photoabsorption photodissociation photoionisation
9.120000e+01 6.098131e-17 4.780881e-17 1.317249e-17
9.220000e+01 7.329353e-17 6.071287e-17 1.258066e-17
9.320000e+01 1.186103e-16 1.012236e-16 1.738671e-17
9.420000e+01 5.223452e-17 3.661069e-17 1.562382e-17
9.520000e+01 1.271390e-16 1.114446e-16 1.569444e-17
9.620000e+01 8.890096e-17 7.783626e-17 1.106470e-17
9.720000e+01 5.083490e-17 4.059044e-17 1.024445e-17
9.820000e+01 7.202437e-17 5.898917e-17 1.303519e-17
9.920000e+01 8.187100e-17 6.738842e-17 1.448257e-17
1.002000e+02 8.635261e-17 7.105805e-17 1.529456e-17
1.012000e+02 9.083422e-17 7.472767e-17 1.610655e-17
1.022000e+02 9.531583e-17 7.839730e-17 1.691853e-17
1.032000e+02 9.979744e-17 8.206692e-17 1.773052e-17
1.042000e+02 9.820502e-17 7.940115e-17 1.880387e-17
1.052000e+02 7.267426e-17 5.176699e-17 2.090727e-17
1.062000e+02 4.940536e-17 4.034095e-17 9.064411e-18
1.072000e+02 4.492387e-17 3.700569e-17 7.918189e-18
1.082000e+02 4.578777e-17 3.783002e-17 7.957747e-18
1.092000e+02 4.864533e-17 4.197406e-17 6.671271e-18
1.102000e+02 5.334869e-17 4.675934e-17 6.589351e-18
1.112000e+02 1.173297e-16 1.045431e-16 1.278659e-17
1.122000e+02 4.178153e-17 3.653976e-17 5.241767e-18
1.132000e+02 2.429490e-17 2.098044e-17 3.314453e-18
1.142000e+02 2.503975e-17 2.177675e-17 3.263003e-18
1.152000e+02 2.828281e-17 2.514641e-17 3.136404e-18
1.162000e+02 2.949050e-17 2.635830e-17 3.132196e-18
1.172000e+02 2.917064e-17 2.616862e-17 3.002019e-18
1.182000e+02 2.806896e-17 2.526495e-17 2.804009e-18
1.192000e+02 2.654863e-17 2.404875e-17 2.499876e-18
1.202000e+02 2.308556e-17 2.108747e-17 1.998092e-18
1.212000e+02 1.901038e-17 1.792868e-17 1.081699e-18
1.222000e+02 1.615659e-17 1.552986e-17 6.267375e-19
1.232000e+02 1.074088e-17 1.053627e-17 2.046092e-19
1.242000e+02 2.010928e-17 2.010928e-17 0.000000e+00
1.252000e+02 2.445436e-17 2.445436e-17 0.000000e+00
1.262000e+02 1.061591e-17 1.061591e-17 0.000000e+00
1.272000e+02 2.027102e-17 2.027102e-17 0.000000e+00
1.282000e+02 2.405413e-17 2.405413e-17 0.000000e+00
1.292000e+02 2.450487e-17 2.450487e-17 0.000000e+00
1.302000e+02 6.429619e-17 6.429619e-17 0.000000e+00
1.312000e+02 4.135277e-17 4.135277e-17 0.000000e+00
1.322000e+02 2.801083e-17 2.801083e-17 0.000000e+00
1.332000e+02 1.813755e-17 1.813755e-17 0.000000e+00
1.342000e+02 4.664517e-17 4.664517e-17 0.000000e+00
1.352000e+02 1.629850e-17 1.629850e-17 0.000000e+00
1.362000e+02 9.688336e-18 9.688336e-18 0.000000e+00
1.372000e+02 3.215094e-17 3.215094e-17 0.000000e+00
1.382000e+02 3.653213e-17 3.653213e-17 0.000000e+00
1.392000e+02 1.157688e-17 1.157688e-17 0.000000e+00
1.402000e+02 4.141222e-17 4.141222e-17 0.000000e+00
1.412000e+02 1.153207e-16 1.153207e-16 0.000000e+00
1.422000e+02 1.336110e-17 1.336110e-17 0.000000e+00
1.432000e+02 2.412812e-17 2.412812e-17 0.000000e+00
1.442000e+02 1.170619e-17 1.170619e-17 0.000000e+00
1.452000e+02 7.359661e-18 7.359661e-18 0.000000e+00
1.462000e+02 4.996090e-18 4.996090e-18 0.000000e+00
1.472000e+02 1.159966e-17 1.159966e-17 0.000000e+00
1.482000e+02 2.119684e-17 2.119684e-17 0.000000e+00
1.492000e+02 2.058191e-17 2.058191e-17 0.000000e+00
1.502000e+02 3.646375e-17 3.646375e-17 0.000000e+00
1.512000e+02 4.551792e-17 4.551792e-17 0.000000e+00
1.522000e+02 2.728274e-17 2.728274e-17 0.000000e+00
1.532000e+02 3.879700e-18 3.879700e-18 0.000000e+00
1.542000e+02 6.314500e-18 6.314500e-18 0.000000e+00
1.552000e+02 1.016962e-17 1.016962e-17 0.000000e+00
1.562000e+02 1.127247e-17 1.127247e-17 0.000000e+00
1.572000e+02 1.440765e-17 1.440765e-17 0.000000e+00
1.582000e+02 1.587284e-17 1.587284e-17 0.000000e+00
1.592000e+02 8.229285e-17 8.229285e-17 0.000000e+00
1.602000e+02 1.827780e-17 1.827780e-17 0.000000e+00
1.612000e+02 8.451353e-17 8.451353e-17 0.000000e+00
1.622000e+02 1.016250e-17 1.016250e-17 0.000000e+00
1.632000e+02 1.073807e-17 1.073807e-17 0.000000e+00
1.642000e+02 1.061771e-17 1.061771e-17 0.000000e+00
1.652000e+02 1.059649e-17 1.059649e-17 0.000000e+00
1.662000e+02 8.728994e-18 8.728994e-18 0.000000e+00
1.672000e+02 1.140046e-17 1.140046e-17 0.000000e+00
1.682000e+02 9.910575e-18 9.910575e-18 0.000000e+00
1.692000e+02 1.438670e-17 1.438670e-17 0.000000e+00
1.702000e+02 9.785350e-18 9.785350e-18 0.000000e+00
1.712000e+02 1.094768e-17 1.094768e-17 0.000000e+00
1.722000e+02 1.555386e-17 1.555386e-17 0.000000e+00
1.732000e+02 8.899115e-18 8.899115e-18 0.000000e+00
1.742000e+02 1.367492e-17 1.367492e-17 0.000000e+00
1.752000e+02 1.169270e-17 1.169270e-17 0.000000e+00
1.762000e+02 9.645597e-18 9.645597e-18 0.000000e+00
1.772000e+02 9.734673e-18 9.734673e-18 0.000000e+00
1.782000e+02 9.357450e-18 9.357450e-18 0.000000e+00
1.792000e+02 8.198171e-18 8.198171e-18 0.000000e+00
1.802000e+02 1.231200e-17 1.231200e-17 0.000000e+00
1.812000e+02 7.893926e-17 7.893926e-17 0.000000e+00
1.822000e+02 9.981150e-17 9.981150e-17 0.000000e+00
1.832000e+02 1.799070e-17 1.799070e-17 0.000000e+00
1.842000e+02 2.226386e-17 2.226386e-17 0.000000e+00
1.852000e+02 2.804311e-17 2.804311e-17 0.000000e+00
1.862000e+02 8.673202e-18 8.673202e-18 0.000000e+00
1.872000e+02 7.902335e-18 7.902335e-18 0.000000e+00
1.882000e+02 2.778842e-17 2.778842e-17 0.000000e+00
1.892000e+02 3.460432e-17 3.460432e-17 0.000000e+00
1.902000e+02 4.611847e-17 4.611847e-17 0.000000e+00
1.912000e+02 8.204059e-17 8.204059e-17 0.000000e+00
1.922000e+02 1.200138e-16 1.200138e-16 0.000000e+00
1.932000e+02 1.343721e-16 1.343721e-16 0.000000e+00
1.942000e+02 1.186739e-16 1.186739e-16 0.000000e+00
1.952000e+02 3.227496e-16 3.227496e-16 0.000000e+00
1.962000e+02 1.763093e-16 1.763093e-16 0.000000e+00
1.972000e+02 1.408401e-16 1.408401e-16 0.000000e+00
1.982000e+02 4.963057e-16 4.963057e-16 0.000000e+00
1.992000e+02 1.424438e-16 1.424438e-16 0.000000e+00
2.002000e+02 1.105231e-16 1.105231e-16 0.000000e+00
2.012000e+02 3.455763e-16 3.455763e-16 0.000000e+00
2.022000e+02 5.051154e-17 5.051154e-17 0.000000e+00
2.032000e+02 9.618343e-17 9.618343e-17 0.000000e+00
2.042000e+02 9.167111e-17 9.167111e-17 0.000000e+00
2.052000e+02 3.382242e-17 3.382242e-17 0.000000e+00
2.062000e+02 7.230166e-17 7.230166e-17 0.000000e+00
2.072000e+02 1.610568e-17 1.610568e-17 0.000000e+00
2.082000e+02 3.876655e-17 3.876655e-17 0.000000e+00
2.092000e+02 7.295143e-18 7.295143e-18 0.000000e+00
2.102000e+02 1.586806e-17 1.586806e-17 0.000000e+00
2.112000e+02 3.560492e-18 3.560492e-18 0.000000e+00
2.122000e+02 4.012322e-18 4.012322e-18 0.000000e+00
2.132000e+02 1.882799e-18 1.882799e-18 0.000000e+00
2.142000e+02 1.269662e-18 1.269662e-18 0.000000e+00
2.152000e+02 7.597389e-19 7.597389e-19 0.000000e+00
2.162000e+02 4.990598e-19 4.990598e-19 0.000000e+00
2.172000e+02 2.181483e-19 2.181483e-19 0.000000e+00
2.182000e+02 1.734228e-19 1.734228e-19 0.000000e+00
2.192000e+02 7.877369e-20 7.877369e-20 0.000000e+00
2.202000e+02 5.479737e-20 5.479737e-20 0.000000e+00
2.212000e+02 2.086739e-20 2.086739e-20 0.000000e+00
2.222000e+02 1.664442e-20 1.664442e-20 0.000000e+00
2.232000e+02 9.261109e-21 9.261109e-21 0.000000e+00
2.242000e+02 5.285490e-21 5.285490e-21 0.000000e+00
2.252000e+02 2.631480e-21 2.631480e-21 0.000000e+00
2.262000e+02 2.674863e-21 2.674863e-21 0.000000e+00
2.272000e+02 8.367732e-22 8.367732e-22 0.000000e+00
2.282000e+02 8.623456e-22 8.623456e-22 0.000000e+00
2.292000e+02 3.137459e-22 3.137459e-22 0.000000e+00
2.302000e+02 3.243103e-22 3.243103e-22 0.000000e+00
2.312000e+02 1.169571e-22 1.169571e-22 0.000000e+00
2.322000e+02 2.330568e-23 2.330568e-23 0.000000e+00
2.332000e+02 1.405729e-22 1.405729e-22 0.000000e+00
2.342000e+02 0.000000e+00 0.000000e+00 0.000000e+00
2.352000e+02 0.000000e+00 0.000000e+00 0.000000e+00
2.362000e+02 2.695030e-22 2.695030e-22 0.000000e+00
2.372000e+02 0.000000e+00 0.000000e+00 0.000000e+00
2.382000e+02 0.000000e+00 0.000000e+00 0.000000e+00
2.392000e+02 0.000000e+00 0.000000e+00 0.000000e+00
2.402000e+02 0.000000e+00 0.000000e+00 0.000000e+00
2.412000e+02 3.715839e-24 3.715839e-24 0.000000e+00
2.422000e+02 5.846048e-23 5.846048e-23 0.000000e+00
2.432000e+02 2.717943e-23 2.717943e-23 0.000000e+00
2.442000e+02 0.000000e+00 0.000000e+00 0.000000e+00
2.452000e+02 0.000000e+00 0.000000e+00 0.000000e+00
2.462000e+02 2.719413e-23 2.719413e-23 0.000000e+00
2.472000e+02 1.152542e-23 1.152542e-23 0.000000e+00
2.482000e+02 6.240145e-23 6.240145e-23 0.000000e+00
2.492000e+02 0.000000e+00 0.000000e+00 0.000000e+00
2.502000e+02 2.448181e-23 2.448181e-23 0.000000e+00
2.512000e+02 1.794895e-22 1.794895e-22 0.000000e+00
2.522000e+02 2.719079e-23 2.719079e-23 0.000000e+00
2.532000e+02 1.169765e-22 1.169765e-22 0.000000e+00
2.542000e+02 5.831697e-23 5.831697e-23 0.000000e+00
2.552000e+02 4.589693e-23 4.589693e-23 0.000000e+00
2.562000e+02 1.091518e-22 1.091518e-22 0.000000e+00
2.572000e+02 3.890807e-23 3.890807e-23 0.000000e+00
2.582000e+02 1.913161e-22 1.913161e-22 0.000000e+00
2.592000e+02 1.154228e-23 1.154228e-23 0.000000e+00
2.602000e+02 3.113155e-23 3.113155e-23 0.000000e+00
2.612000e+02 1.641051e-22 1.641051e-22 0.000000e+00
2.622000e+02 2.617288e-22 2.617288e-22 0.000000e+00
2.632000e+02 3.045998e-22 3.045998e-22 0.000000e+00
2.642000e+02 7.020418e-23 7.020418e-23 0.000000e+00
2.652000e+02 5.074515e-23 5.074515e-23 0.000000e+00
2.662000e+02 1.126793e-22 1.126793e-22 0.000000e+00
2.672000e+02 4.290057e-23 4.290057e-23 0.000000e+00
2.682000e+02 1.288362e-22 1.288362e-22 0.000000e+00
2.692000e+02 1.403095e-22 1.403095e-22 0.000000e+00
2.702000e+02 5.851457e-23 5.851457e-23 0.000000e+00
2.712000e+02 1.627838e-23 1.627838e-23 0.000000e+00
2.722000e+02 3.113113e-23 3.113113e-23 0.000000e+00
2.732000e+02 3.110900e-23 3.110900e-23 0.000000e+00
2.742000e+02 3.893037e-23 3.893037e-23 0.000000e+00
2.752000e+02 1.366740e-22 1.366740e-22 0.000000e+00
2.762000e+02 2.372502e-22 2.372502e-22 0.000000e+00
2.772000e+02 1.678441e-22 0.000000e+00 0.000000e+00
2.782000e+02 2.851758e-22 0.000000e+00 0.000000e+00
2.792000e+02 1.404397e-22 0.000000e+00 0.000000e+00
2.802000e+02 4.457067e-22 0.000000e+00 0.000000e+00
2.812000e+02 3.792670e-22 0.000000e+00 0.000000e+00
2.822000e+02 7.274826e-22 0.000000e+00 0.000000e+00
2.832000e+02 9.268946e-22 0.000000e+00 0.000000e+00
2.842000e+02 9.229666e-22 0.000000e+00 0.000000e+00
2.852000e+02 1.568251e-21 0.000000e+00 0.000000e+00
2.862000e+02 1.882933e-21 0.000000e+00 0.000000e+00
2.872000e+02 3.010721e-21 0.000000e+00 0.000000e+00
2.882000e+02 2.826830e-21 0.000000e+00 0.000000e+00
2.892000e+02 4.282973e-21 0.000000e+00 0.000000e+00
2.902000e+02 4.107599e-21 0.000000e+00 0.000000e+00
2.912000e+02 7.177745e-21 0.000000e+00 0.000000e+00
2.922000e+02 7.197574e-21 0.000000e+00 0.000000e+00
2.932000e+02 9.977158e-21 0.000000e+00 0.000000e+00
2.942000e+02 8.092257e-21 0.000000e+00 0.000000e+00
2.952000e+02 1.378607e-20 0.000000e+00 0.000000e+00
2.962000e+02 1.039250e-20 0.000000e+00 0.000000e+00
2.972000e+02 2.054485e-20 0.000000e+00 0.000000e+00
2.982000e+02 1.690599e-20 0.000000e+00 0.000000e+00
2.992000e+02 3.060801e-20 0.000000e+00 0.000000e+00
3.002000e+02 1.885769e-20 0.000000e+00 0.000000e+00
3.012000e+02 2.669594e-20 0.000000e+00 0.000000e+00
3.022000e+02 3.856114e-20 0.000000e+00 0.000000e+00
3.032000e+02 4.189332e-20 0.000000e+00 0.000000e+00
3.042000e+02 3.786998e-20 0.000000e+00 0.000000e+00
3.052000e+02 5.980209e-20 0.000000e+00 0.000000e+00
3.062000e+02 3.539997e-20 0.000000e+00 0.000000e+00
3.072000e+02 6.544565e-20 0.000000e+00 0.000000e+00
3.082000e+02 5.890755e-20 0.000000e+00 0.000000e+00
3.092000e+02 7.106095e-20 0.000000e+00 0.000000e+00
3.102000e+02 8.410606e-20 0.000000e+00 0.000000e+00
3.112000e+02 5.511391e-20 0.000000e+00 0.000000e+00
3.122000e+02 8.003511e-20 0.000000e+00 0.000000e+00
3.132000e+02 7.788424e-20 0.000000e+00 0.000000e+00
3.142000e+02 9.095436e-20 0.000000e+00 0.000000e+00
3.152000e+02 9.629854e-20 0.000000e+00 0.000000e+00
3.162000e+02 9.066473e-20 0.000000e+00 0.000000e+00
3.172000e+02 8.598072e-20 0.000000e+00 0.000000e+00
3.182000e+02 1.012429e-19 0.000000e+00 0.000000e+00
3.192000e+02 7.697080e-20 0.000000e+00 0.000000e+00
3.202000e+02 6.033695e-20 0.000000e+00 0.000000e+00
3.212000e+02 8.098387e-20 0.000000e+00 0.000000e+00
3.222000e+02 3.843021e-20 0.000000e+00 0.000000e+00
3.232000e+02 6.767335e-20 0.000000e+00 0.000000e+00
3.242000e+02 3.443428e-20 0.000000e+00 0.000000e+00
3.252000e+02 7.495115e-20 0.000000e+00 0.000000e+00
3.262000e+02 3.632996e-20 0.000000e+00 0.000000e+00
3.272000e+02 4.731946e-20 0.000000e+00 0.000000e+00
3.282000e+02 2.887775e-20 0.000000e+00 0.000000e+00
3.292000e+02 2.697921e-20 0.000000e+00 0.000000e+00
3.302000e+02 4.359458e-20 0.000000e+00 0.000000e+00
3.312000e+02 1.270311e-20 0.000000e+00 0.000000e+00
3.322000e+02 3.692646e-20 0.000000e+00 0.000000e+00
3.332000e+02 1.304891e-20 0.000000e+00 0.000000e+00
3.342000e+02 1.577478e-20 0.000000e+00 0.000000e+00
3.352000e+02 1.116801e-20 0.000000e+00 0.000000e+00
3.362000e+02 9.864370e-21 0.000000e+00 0.000000e+00
3.372000e+02 1.093565e-20 0.000000e+00 0.000000e+00
3.382000e+02 6.329027e-21 0.000000e+00 0.000000e+00
3.392000e+02 9.658171e-21 0.000000e+00 0.000000e+00
3.402000e+02 4.595188e-21 0.000000e+00 0.000000e+00
3.412000e+02 4.402814e-21 0.000000e+00 0.000000e+00
3.422000e+02 4.122928e-21 0.000000e+00 0.000000e+00
3.432000e+02 3.048005e-21 0.000000e+00 0.000000e+00
3.442000e+02 3.310962e-21 0.000000e+00 0.000000e+00
3.452000e+02 2.572679e-21 0.000000e+00 0.000000e+00
3.462000e+02 2.846056e-21 0.000000e+00 0.000000e+00
3.472000e+02 1.376887e-21 0.000000e+00 0.000000e+00
3.482000e+02 8.290613e-22 0.000000e+00 0.000000e+00
3.492000e+02 2.733226e-21 0.000000e+00 0.000000e+00
3.502000e+02 2.673363e-21 0.000000e+00 0.000000e+00
3.512000e+02 1.001062e-21 0.000000e+00 0.000000e+00
3.522000e+02 5.277331e-22 0.000000e+00 0.000000e+00
3.532000e+02 5.084040e-22 0.000000e+00 0.000000e+00
3.542000e+02 0.000000e+00 0.000000e+00 0.000000e+00
3.552000e+02 5.314449e-22 0.000000e+00 0.000000e+00
3.562000e+02 0.000000e+00 0.000000e+00 0.000000e+00
3.572000e+02 1.059801e-21 0.000000e+00 0.000000e+00
3.582000e+02 4.439115e-23 0.000000e+00 0.000000e+00
3.592000e+02 0.000000e+00 0.000000e+00 0.000000e+00
3.602000e+02 0.000000e+00 0.000000e+00 0.000000e+00
3.612000e+02 0.000000e+00 0.000000e+00 0.000000e+00
3.622000e+02 5.063229e-23 0.000000e+00 0.000000e+00
3.632000e+02 0.000000e+00 0.000000e+00 0.000000e+00
3.642000e+02 3.382151e-23 0.000000e+00 0.000000e+00
3.652000e+02 0.000000e+00 0.000000e+00 0.000000e+00
3.662000e+02 0.000000e+00 0.000000e+00 0.000000e+00
3.672000e+02 0.000000e+00 0.000000e+00 0.000000e+00
3.682000e+02 0.000000e+00 0.000000e+00 0.000000e+00
3.692000e+02 0.000000e+00 0.000000e+00 0.000000e+00
3.702000e+02 0.000000e+00 0.000000e+00 0.000000e+00
3.712000e+02 0.000000e+00 0.000000e+00 0.000000e+00
3.722000e+02 0.000000e+00 0.000000e+00 0.000000e+00
3.732000e+02 0.000000e+00 0.000000e+00 0.000000e+00
3.742000e+02 0.000000e+00 0.000000e+00 0.000000e+00
3.752000e+02 0.000000e+00 0.000000e+00 0.000000e+00
3.762000e+02 0.000000e+00 0.000000e+00 0.000000e+00
3.772000e+02 0.000000e+00 0.000000e+00 0.000000e+00
3.782000e+02 0.000000e+00 0.000000e+00 0.000000e+00
3.792000e+02 0.000000e+00 0.000000e+00 0.000000e+00
3.802000e+02 0.000000e+00 0.000000e+00 0.000000e+00
3.812000e+02 0.000000e+00 0.000000e+00 0.000000e+00
3.822000e+02 0.000000e+00 0.000000e+00 0.000000e+00
3.832000e+02 0.000000e+00 0.000000e+00 0.000000e+00
3.842000e+02 0.000000e+00 0.000000e+00 0.000000e+00
3.852000e+02 0.000000e+00 0.000000e+00 0.000000e+00
3.862000e+02 0.000000e+00 0.000000e+00 0.000000e+00
3.872000e+02 0.000000e+00 0.000000e+00 0.000000e+00
3.882000e+02 0.000000e+00 0.000000e+00 0.000000e+00
3.892000e+02 0.000000e+00 0.000000e+00 0.000000e+00
3.902000e+02 0.000000e+00 0.000000e+00 0.000000e+00
3.912000e+02 0.000000e+00 0.000000e+00 0.000000e+00
3.922000e+02 0.000000e+00 0.000000e+00 0.000000e+00
3.932000e+02 0.000000e+00 0.000000e+00 0.000000e+00
3.942000e+02 0.000000e+00 0.000000e+00 0.000000e+00
3.952000e+02 0.000000e+00 0.000000e+00 0.000000e+00
3.962000e+02 0.000000e+00 0.000000e+00 0.000000e+00
3.972000e+02 0.000000e+00 0.000000e+00 0.000000e+00
3.982000e+02 0.000000e+00 0.000000e+00 0.000000e+00
3.992000e+02 0.000000e+00 0.000000e+00 0.000000e+00
