# HCl cross sections
# #photoabsorption   -- Photoabsorption cross section (cm2)
# #photodissociation -- Photodissociation cross section (cm2)
# #photoionisation   -- Photoionisation cross section (cm2)
# #This version has been resampled to a uniform 0.1nm grid while maintaining a constant integrated cross section (using trapezoidal integration).
# #wavelength photoabsorption photodissociation photoionisation
9.120000e+01 2.249840e-17 1.062932e-17 1.186908e-17
9.220000e+01 2.310219e-17 1.180510e-17 1.129709e-17
9.320000e+01 2.545071e-17 1.430203e-17 1.114869e-17
9.420000e+01 2.827072e-17 1.628939e-17 1.198133e-17
9.520000e+01 3.098175e-17 1.950401e-17 1.147774e-17
9.620000e+01 3.755520e-17 2.400891e-17 1.354629e-17
9.720000e+01 4.114076e-17 2.622915e-17 1.491161e-17
9.820000e+01 4.739679e-17 4.739679e-17 0.000000e+00
9.920000e+01 4.276875e-17 4.276875e-17 0.000000e+00
1.002000e+02 4.983333e-17 4.983333e-17 0.000000e+00
1.012000e+02 9.363000e-17 9.363000e-17 0.000000e+00
1.022000e+02 1.245845e-17 1.245845e-17 0.000000e+00
1.032000e+02 3.229363e-17 3.229363e-17 0.000000e+00
1.042000e+02 3.316545e-17 3.316545e-17 0.000000e+00
1.052000e+02 1.339978e-17 1.339978e-17 0.000000e+00
1.062000e+02 4.745538e-18 4.745538e-18 0.000000e+00
1.072000e+02 3.698473e-17 3.698473e-17 0.000000e+00
1.082000e+02 1.642096e-17 1.642096e-17 0.000000e+00
1.092000e+02 1.391781e-17 1.391781e-17 0.000000e+00
1.102000e+02 2.692408e-16 2.692408e-16 0.000000e+00
1.112000e+02 4.888020e-17 4.888020e-17 0.000000e+00
1.122000e+02 1.297088e-17 1.297088e-17 0.000000e+00
1.132000e+02 1.723000e-18 1.723000e-18 0.000000e+00
1.142000e+02 4.846952e-19 4.846952e-19 0.000000e+00
1.152000e+02 7.145159e-19 7.145159e-19 0.000000e+00
1.162000e+02 7.430119e-19 7.430119e-19 0.000000e+00
1.172000e+02 2.162333e-18 2.162333e-18 0.000000e+00
1.182000e+02 6.357327e-19 6.357327e-19 0.000000e+00
1.192000e+02 1.856579e-18 1.856579e-18 0.000000e+00
1.202000e+02 2.667828e-18 2.667828e-18 0.000000e+00
1.212000e+02 2.226364e-18 2.226364e-18 0.000000e+00
1.222000e+02 7.191733e-19 7.191733e-19 0.000000e+00
1.232000e+02 6.749667e-19 6.749667e-19 0.000000e+00
1.242000e+02 1.621788e-17 1.621788e-17 0.000000e+00
1.252000e+02 3.659134e-18 3.659134e-18 0.000000e+00
1.262000e+02 6.718713e-19 6.718713e-19 0.000000e+00
1.272000e+02 1.865450e-18 1.865450e-18 0.000000e+00
1.282000e+02 3.522970e-17 3.522970e-17 0.000000e+00
1.292000e+02 1.281116e-16 1.281116e-16 0.000000e+00
1.302000e+02 4.014095e-18 4.014095e-18 0.000000e+00
1.312000e+02 1.545727e-18 1.545727e-18 0.000000e+00
1.322000e+02 1.893823e-18 1.893823e-18 0.000000e+00
1.332000e+02 3.656692e-18 3.656692e-18 0.000000e+00
1.342000e+02 1.398441e-18 1.398441e-18 0.000000e+00
1.352000e+02 1.256448e-18 1.256448e-18 0.000000e+00
1.362000e+02 1.372448e-18 1.372448e-18 0.000000e+00
1.372000e+02 1.488448e-18 1.488448e-18 0.000000e+00
1.382000e+02 1.674336e-18 1.674336e-18 0.000000e+00
1.392000e+02 1.886336e-18 1.886336e-18 0.000000e+00
1.402000e+02 2.080096e-18 2.080096e-18 0.000000e+00
1.412000e+02 2.212096e-18 2.212096e-18 0.000000e+00
1.422000e+02 2.344096e-18 2.344096e-18 0.000000e+00
1.432000e+02 2.499392e-18 2.499392e-18 0.000000e+00
1.442000e+02 2.663392e-18 2.663392e-18 0.000000e+00
1.452000e+02 2.819184e-18 2.819184e-18 0.000000e+00
1.462000e+02 2.947184e-18 2.947184e-18 0.000000e+00
1.472000e+02 3.075184e-18 3.075184e-18 0.000000e+00
1.482000e+02 3.176976e-18 3.176976e-18 0.000000e+00
1.492000e+02 3.268976e-18 3.268976e-18 0.000000e+00
1.502000e+02 3.347296e-18 3.347296e-18 0.000000e+00
1.512000e+02 3.379296e-18 3.379296e-18 0.000000e+00
1.522000e+02 3.411296e-18 3.411296e-18 0.000000e+00
1.532000e+02 3.422912e-18 3.422912e-18 0.000000e+00
1.542000e+02 3.426912e-18 3.426912e-18 0.000000e+00
1.552000e+02 3.415408e-18 3.415408e-18 0.000000e+00
1.562000e+02 3.351408e-18 3.351408e-18 0.000000e+00
1.572000e+02 3.287408e-18 3.287408e-18 0.000000e+00
1.582000e+02 3.208848e-18 3.208848e-18 0.000000e+00
1.592000e+02 3.124848e-18 3.124848e-18 0.000000e+00
1.602000e+02 3.029904e-18 3.029904e-18 0.000000e+00
1.612000e+02 2.897904e-18 2.897904e-18 0.000000e+00
1.622000e+02 2.765904e-18 2.765904e-18 0.000000e+00
1.632000e+02 2.633904e-18 2.633904e-18 0.000000e+00
1.642000e+02 2.501904e-18 2.501904e-18 0.000000e+00
1.652000e+02 2.362608e-18 2.362608e-18 0.000000e+00
1.662000e+02 2.198608e-18 2.198608e-18 0.000000e+00
1.672000e+02 2.034608e-18 2.034608e-18 0.000000e+00
1.682000e+02 1.885168e-18 1.885168e-18 0.000000e+00
1.692000e+02 1.741168e-18 1.741168e-18 0.000000e+00
1.702000e+02 1.605376e-18 1.605376e-18 0.000000e+00
1.712000e+02 1.497376e-18 1.497376e-18 0.000000e+00
1.722000e+02 1.389376e-18 1.389376e-18 0.000000e+00
1.732000e+02 1.272640e-18 1.272640e-18 0.000000e+00
1.742000e+02 1.152640e-18 1.152640e-18 0.000000e+00
1.752000e+02 1.035923e-18 1.035923e-18 0.000000e+00
1.762000e+02 9.303232e-19 9.303232e-19 0.000000e+00
1.772000e+02 8.247232e-19 8.247232e-19 0.000000e+00
1.782000e+02 7.357216e-19 7.357216e-19 0.000000e+00
1.792000e+02 6.529216e-19 6.529216e-19 0.000000e+00
1.802000e+02 5.738608e-19 5.738608e-19 0.000000e+00
1.812000e+02 5.074608e-19 5.074608e-19 0.000000e+00
1.822000e+02 4.410608e-19 4.410608e-19 0.000000e+00
1.832000e+02 3.854352e-19 3.854352e-19 0.000000e+00
1.842000e+02 3.338352e-19 3.338352e-19 0.000000e+00
1.852000e+02 2.857008e-19 2.857008e-19 0.000000e+00
1.862000e+02 2.493008e-19 2.493008e-19 0.000000e+00
1.872000e+02 2.129008e-19 2.129008e-19 0.000000e+00
1.882000e+02 1.840720e-19 1.840720e-19 0.000000e+00
1.892000e+02 1.580720e-19 1.580720e-19 0.000000e+00
1.902000e+02 1.344250e-19 1.344250e-19 0.000000e+00
1.912000e+02 1.187450e-19 1.187450e-19 0.000000e+00
1.922000e+02 1.030650e-19 1.030650e-19 0.000000e+00
1.932000e+02 8.738496e-20 8.738496e-20 0.000000e+00
1.942000e+02 7.170496e-20 7.170496e-20 0.000000e+00
1.952000e+02 5.797208e-20 5.797208e-20 0.000000e+00
1.962000e+02 5.083208e-20 5.083208e-20 0.000000e+00
1.972000e+02 4.369208e-20 4.369208e-20 0.000000e+00
1.982000e+02 3.655208e-20 3.655208e-20 0.000000e+00
1.992000e+02 2.941208e-20 2.941208e-20 0.000000e+00
2.002000e+02 2.322193e-20 2.322193e-20 0.000000e+00
2.012000e+02 2.024793e-20 2.024793e-20 0.000000e+00
2.022000e+02 1.727393e-20 1.727393e-20 0.000000e+00
2.032000e+02 1.429993e-20 1.429993e-20 0.000000e+00
2.042000e+02 1.132593e-20 1.132593e-20 0.000000e+00
2.052000e+02 8.759592e-21 8.759592e-21 0.000000e+00
2.062000e+02 7.573592e-21 7.573592e-21 0.000000e+00
2.072000e+02 6.387592e-21 6.387592e-21 0.000000e+00
2.082000e+02 5.201592e-21 5.201592e-21 0.000000e+00
2.092000e+02 4.015592e-21 4.015592e-21 0.000000e+00
2.102000e+02 3.004696e-21 3.004696e-21 0.000000e+00
2.112000e+02 2.586696e-21 2.586696e-21 0.000000e+00
2.122000e+02 2.168696e-21 2.168696e-21 0.000000e+00
2.132000e+02 1.750696e-21 1.750696e-21 0.000000e+00
2.142000e+02 1.332696e-21 1.332696e-21 0.000000e+00
2.152000e+02 9.776240e-22 9.776240e-22 0.000000e+00
2.162000e+02 8.356240e-22 8.356240e-22 0.000000e+00
2.172000e+02 6.936240e-22 6.936240e-22 0.000000e+00
2.182000e+02 5.516240e-22 5.516240e-22 0.000000e+00
2.192000e+02 4.096240e-22 4.096240e-22 0.000000e+00
2.202000e+02 2.908800e-22 2.908800e-22 0.000000e+00
2.212000e+02 2.508800e-22 2.508800e-22 0.000000e+00
2.222000e+02 2.108800e-22 2.108800e-22 0.000000e+00
2.232000e+02 1.708800e-22 1.708800e-22 0.000000e+00
2.242000e+02 1.308800e-22 1.308800e-22 0.000000e+00
2.252000e+02 9.699040e-23 9.699040e-23 0.000000e+00
2.262000e+02 8.379040e-23 8.379040e-23 0.000000e+00
2.272000e+02 7.059040e-23 7.059040e-23 0.000000e+00
2.282000e+02 5.739040e-23 5.739040e-23 0.000000e+00
2.292000e+02 4.419040e-23 4.419040e-23 0.000000e+00
2.302000e+02 0.000000e+00 0.000000e+00 0.000000e+00
2.312000e+02 0.000000e+00 0.000000e+00 0.000000e+00
2.322000e+02 0.000000e+00 0.000000e+00 0.000000e+00
2.332000e+02 0.000000e+00 0.000000e+00 0.000000e+00
2.342000e+02 0.000000e+00 0.000000e+00 0.000000e+00
2.352000e+02 0.000000e+00 0.000000e+00 0.000000e+00
2.362000e+02 0.000000e+00 0.000000e+00 0.000000e+00
2.372000e+02 0.000000e+00 0.000000e+00 0.000000e+00
2.382000e+02 0.000000e+00 0.000000e+00 0.000000e+00
2.392000e+02 0.000000e+00 0.000000e+00 0.000000e+00
2.402000e+02 0.000000e+00 0.000000e+00 0.000000e+00
2.412000e+02 0.000000e+00 0.000000e+00 0.000000e+00
2.422000e+02 0.000000e+00 0.000000e+00 0.000000e+00
2.432000e+02 0.000000e+00 0.000000e+00 0.000000e+00
2.442000e+02 0.000000e+00 0.000000e+00 0.000000e+00
2.452000e+02 0.000000e+00 0.000000e+00 0.000000e+00
2.462000e+02 0.000000e+00 0.000000e+00 0.000000e+00
2.472000e+02 0.000000e+00 0.000000e+00 0.000000e+00
2.482000e+02 0.000000e+00 0.000000e+00 0.000000e+00
2.492000e+02 0.000000e+00 0.000000e+00 0.000000e+00
2.502000e+02 0.000000e+00 0.000000e+00 0.000000e+00
2.512000e+02 0.000000e+00 0.000000e+00 0.000000e+00
2.522000e+02 0.000000e+00 0.000000e+00 0.000000e+00
2.532000e+02 0.000000e+00 0.000000e+00 0.000000e+00
2.542000e+02 0.000000e+00 0.000000e+00 0.000000e+00
2.552000e+02 0.000000e+00 0.000000e+00 0.000000e+00
2.562000e+02 0.000000e+00 0.000000e+00 0.000000e+00
2.572000e+02 0.000000e+00 0.000000e+00 0.000000e+00
2.582000e+02 0.000000e+00 0.000000e+00 0.000000e+00
2.592000e+02 0.000000e+00 0.000000e+00 0.000000e+00
2.602000e+02 0.000000e+00 0.000000e+00 0.000000e+00
2.612000e+02 0.000000e+00 0.000000e+00 0.000000e+00
2.622000e+02 0.000000e+00 0.000000e+00 0.000000e+00
2.632000e+02 0.000000e+00 0.000000e+00 0.000000e+00
2.642000e+02 0.000000e+00 0.000000e+00 0.000000e+00
2.652000e+02 0.000000e+00 0.000000e+00 0.000000e+00
2.662000e+02 0.000000e+00 0.000000e+00 0.000000e+00
2.672000e+02 0.000000e+00 0.000000e+00 0.000000e+00
2.682000e+02 0.000000e+00 0.000000e+00 0.000000e+00
2.692000e+02 0.000000e+00 0.000000e+00 0.000000e+00
2.702000e+02 0.000000e+00 0.000000e+00 0.000000e+00
2.712000e+02 0.000000e+00 0.000000e+00 0.000000e+00
2.722000e+02 0.000000e+00 0.000000e+00 0.000000e+00
2.732000e+02 0.000000e+00 0.000000e+00 0.000000e+00
2.742000e+02 0.000000e+00 0.000000e+00 0.000000e+00
2.752000e+02 0.000000e+00 0.000000e+00 0.000000e+00
2.762000e+02 0.000000e+00 0.000000e+00 0.000000e+00
2.772000e+02 0.000000e+00 0.000000e+00 0.000000e+00
2.782000e+02 0.000000e+00 0.000000e+00 0.000000e+00
2.792000e+02 0.000000e+00 0.000000e+00 0.000000e+00
2.802000e+02 0.000000e+00 0.000000e+00 0.000000e+00
2.812000e+02 0.000000e+00 0.000000e+00 0.000000e+00
2.822000e+02 0.000000e+00 0.000000e+00 0.000000e+00
2.832000e+02 0.000000e+00 0.000000e+00 0.000000e+00
2.842000e+02 0.000000e+00 0.000000e+00 0.000000e+00
2.852000e+02 0.000000e+00 0.000000e+00 0.000000e+00
2.862000e+02 0.000000e+00 0.000000e+00 0.000000e+00
2.872000e+02 0.000000e+00 0.000000e+00 0.000000e+00
2.882000e+02 0.000000e+00 0.000000e+00 0.000000e+00
2.892000e+02 0.000000e+00 0.000000e+00 0.000000e+00
2.902000e+02 0.000000e+00 0.000000e+00 0.000000e+00
2.912000e+02 0.000000e+00 0.000000e+00 0.000000e+00
2.922000e+02 0.000000e+00 0.000000e+00 0.000000e+00
2.932000e+02 0.000000e+00 0.000000e+00 0.000000e+00
2.942000e+02 0.000000e+00 0.000000e+00 0.000000e+00
2.952000e+02 0.000000e+00 0.000000e+00 0.000000e+00
2.962000e+02 0.000000e+00 0.000000e+00 0.000000e+00
2.972000e+02 0.000000e+00 0.000000e+00 0.000000e+00
2.982000e+02 0.000000e+00 0.000000e+00 0.000000e+00
2.992000e+02 0.000000e+00 0.000000e+00 0.000000e+00
3.002000e+02 0.000000e+00 0.000000e+00 0.000000e+00
3.012000e+02 0.000000e+00 0.000000e+00 0.000000e+00
3.022000e+02 0.000000e+00 0.000000e+00 0.000000e+00
3.032000e+02 0.000000e+00 0.000000e+00 0.000000e+00
3.042000e+02 0.000000e+00 0.000000e+00 0.000000e+00
3.052000e+02 0.000000e+00 0.000000e+00 0.000000e+00
3.062000e+02 0.000000e+00 0.000000e+00 0.000000e+00
3.072000e+02 0.000000e+00 0.000000e+00 0.000000e+00
3.082000e+02 0.000000e+00 0.000000e+00 0.000000e+00
3.092000e+02 0.000000e+00 0.000000e+00 0.000000e+00
3.102000e+02 0.000000e+00 0.000000e+00 0.000000e+00
3.112000e+02 0.000000e+00 0.000000e+00 0.000000e+00
3.122000e+02 0.000000e+00 0.000000e+00 0.000000e+00
3.132000e+02 0.000000e+00 0.000000e+00 0.000000e+00
3.142000e+02 0.000000e+00 0.000000e+00 0.000000e+00
3.152000e+02 0.000000e+00 0.000000e+00 0.000000e+00
3.162000e+02 0.000000e+00 0.000000e+00 0.000000e+00
3.172000e+02 0.000000e+00 0.000000e+00 0.000000e+00
3.182000e+02 0.000000e+00 0.000000e+00 0.000000e+00
3.192000e+02 0.000000e+00 0.000000e+00 0.000000e+00
3.202000e+02 0.000000e+00 0.000000e+00 0.000000e+00
3.212000e+02 0.000000e+00 0.000000e+00 0.000000e+00
3.222000e+02 0.000000e+00 0.000000e+00 0.000000e+00
3.232000e+02 0.000000e+00 0.000000e+00 0.000000e+00
3.242000e+02 0.000000e+00 0.000000e+00 0.000000e+00
3.252000e+02 0.000000e+00 0.000000e+00 0.000000e+00
3.262000e+02 0.000000e+00 0.000000e+00 0.000000e+00
3.272000e+02 0.000000e+00 0.000000e+00 0.000000e+00
3.282000e+02 0.000000e+00 0.000000e+00 0.000000e+00
3.292000e+02 0.000000e+00 0.000000e+00 0.000000e+00
3.302000e+02 0.000000e+00 0.000000e+00 0.000000e+00
3.312000e+02 0.000000e+00 0.000000e+00 0.000000e+00
3.322000e+02 0.000000e+00 0.000000e+00 0.000000e+00
3.332000e+02 0.000000e+00 0.000000e+00 0.000000e+00
3.342000e+02 0.000000e+00 0.000000e+00 0.000000e+00
3.352000e+02 0.000000e+00 0.000000e+00 0.000000e+00
3.362000e+02 0.000000e+00 0.000000e+00 0.000000e+00
3.372000e+02 0.000000e+00 0.000000e+00 0.000000e+00
3.382000e+02 0.000000e+00 0.000000e+00 0.000000e+00
3.392000e+02 0.000000e+00 0.000000e+00 0.000000e+00
3.402000e+02 0.000000e+00 0.000000e+00 0.000000e+00
3.412000e+02 0.000000e+00 0.000000e+00 0.000000e+00
3.422000e+02 0.000000e+00 0.000000e+00 0.000000e+00
3.432000e+02 0.000000e+00 0.000000e+00 0.000000e+00
3.442000e+02 0.000000e+00 0.000000e+00 0.000000e+00
3.452000e+02 0.000000e+00 0.000000e+00 0.000000e+00
3.462000e+02 0.000000e+00 0.000000e+00 0.000000e+00
3.472000e+02 0.000000e+00 0.000000e+00 0.000000e+00
3.482000e+02 0.000000e+00 0.000000e+00 0.000000e+00
3.492000e+02 0.000000e+00 0.000000e+00 0.000000e+00
3.502000e+02 0.000000e+00 0.000000e+00 0.000000e+00
3.512000e+02 0.000000e+00 0.000000e+00 0.000000e+00
3.522000e+02 0.000000e+00 0.000000e+00 0.000000e+00
3.532000e+02 0.000000e+00 0.000000e+00 0.000000e+00
3.542000e+02 0.000000e+00 0.000000e+00 0.000000e+00
3.552000e+02 0.000000e+00 0.000000e+00 0.000000e+00
3.562000e+02 0.000000e+00 0.000000e+00 0.000000e+00
3.572000e+02 0.000000e+00 0.000000e+00 0.000000e+00
3.582000e+02 0.000000e+00 0.000000e+00 0.000000e+00
3.592000e+02 0.000000e+00 0.000000e+00 0.000000e+00
3.602000e+02 0.000000e+00 0.000000e+00 0.000000e+00
3.612000e+02 0.000000e+00 0.000000e+00 0.000000e+00
3.622000e+02 0.000000e+00 0.000000e+00 0.000000e+00
3.632000e+02 0.000000e+00 0.000000e+00 0.000000e+00
3.642000e+02 0.000000e+00 0.000000e+00 0.000000e+00
3.652000e+02 0.000000e+00 0.000000e+00 0.000000e+00
3.662000e+02 0.000000e+00 0.000000e+00 0.000000e+00
3.672000e+02 0.000000e+00 0.000000e+00 0.000000e+00
3.682000e+02 0.000000e+00 0.000000e+00 0.000000e+00
3.692000e+02 0.000000e+00 0.000000e+00 0.000000e+00
3.702000e+02 0.000000e+00 0.000000e+00 0.000000e+00
3.712000e+02 0.000000e+00 0.000000e+00 0.000000e+00
3.722000e+02 0.000000e+00 0.000000e+00 0.000000e+00
3.732000e+02 0.000000e+00 0.000000e+00 0.000000e+00
3.742000e+02 0.000000e+00 0.000000e+00 0.000000e+00
3.752000e+02 0.000000e+00 0.000000e+00 0.000000e+00
3.762000e+02 0.000000e+00 0.000000e+00 0.000000e+00
3.772000e+02 0.000000e+00 0.000000e+00 0.000000e+00
3.782000e+02 0.000000e+00 0.000000e+00 0.000000e+00
3.792000e+02 0.000000e+00 0.000000e+00 0.000000e+00
3.802000e+02 0.000000e+00 0.000000e+00 0.000000e+00
3.812000e+02 0.000000e+00 0.000000e+00 0.000000e+00
3.822000e+02 0.000000e+00 0.000000e+00 0.000000e+00
3.832000e+02 0.000000e+00 0.000000e+00 0.000000e+00
3.842000e+02 0.000000e+00 0.000000e+00 0.000000e+00
3.852000e+02 0.000000e+00 0.000000e+00 0.000000e+00
3.862000e+02 0.000000e+00 0.000000e+00 0.000000e+00
3.872000e+02 0.000000e+00 0.000000e+00 0.000000e+00
3.882000e+02 0.000000e+00 0.000000e+00 0.000000e+00
3.892000e+02 0.000000e+00 0.000000e+00 0.000000e+00
3.902000e+02 0.000000e+00 0.000000e+00 0.000000e+00
3.912000e+02 0.000000e+00 0.000000e+00 0.000000e+00
3.922000e+02 0.000000e+00 0.000000e+00 0.000000e+00
3.932000e+02 0.000000e+00 0.000000e+00 0.000000e+00
3.942000e+02 0.000000e+00 0.000000e+00 0.000000e+00
3.952000e+02 0.000000e+00 0.000000e+00 0.000000e+00
3.962000e+02 0.000000e+00 0.000000e+00 0.000000e+00
3.972000e+02 0.000000e+00 0.000000e+00 0.000000e+00
3.982000e+02 0.000000e+00 0.000000e+00 0.000000e+00
3.992000e+02 0.000000e+00 0.000000e+00 0.000000e+00
