# HNC cross sections
# #photoabsorption   -- Photoabsorption cross section (cm2)
# #photodissociation -- Photodissociation cross section (cm2)
# #photoionisation   -- Photoionisation cross section (cm2)
# #This version has been resampled to a uniform 0.1nm grid while maintaining a constant integrated cross section (using trapezoidal integration).
# #wavelength photoabsorption photodissociation photoionisation
9.120000e+01 1.306054e-17 1.460250e-18 1.160029e-17
9.220000e+01 1.435039e-17 2.750101e-18 1.160029e-17
9.320000e+01 1.795761e-17 6.357322e-18 1.160029e-17
9.420000e+01 1.618824e-17 4.587954e-18 1.160029e-17
9.520000e+01 2.270018e-17 1.109989e-17 1.160029e-17
9.620000e+01 2.114722e-17 9.547140e-18 1.160008e-17
9.720000e+01 4.122022e-17 2.964499e-17 1.157523e-17
9.820000e+01 1.569232e-16 1.454510e-16 1.147215e-17
9.920000e+01 4.615815e-17 3.487186e-17 1.128629e-17
1.002000e+02 1.597844e-16 1.487708e-16 1.101355e-17
1.012000e+02 5.900278e-17 4.871896e-17 1.028382e-17
1.022000e+02 9.469163e-17 8.588039e-17 8.811239e-18
1.032000e+02 2.090896e-17 1.221382e-17 8.695141e-18
1.042000e+02 3.005817e-17 2.719345e-17 2.864714e-18
1.052000e+02 3.917224e-18 3.917224e-18 0.000000e+00
1.062000e+02 1.191603e-17 1.191603e-17 0.000000e+00
1.072000e+02 1.549614e-17 1.549614e-17 0.000000e+00
1.082000e+02 1.556857e-18 1.556857e-18 0.000000e+00
1.092000e+02 1.880766e-18 1.880766e-18 0.000000e+00
1.102000e+02 1.435702e-18 1.435702e-18 0.000000e+00
1.112000e+02 2.712108e-18 2.712108e-18 0.000000e+00
1.122000e+02 1.028407e-17 1.028407e-17 0.000000e+00
1.132000e+02 2.589978e-18 2.589978e-18 0.000000e+00
1.142000e+02 4.261136e-18 4.261136e-18 0.000000e+00
1.152000e+02 3.261314e-18 3.261314e-18 0.000000e+00
1.162000e+02 2.517335e-17 2.517335e-17 0.000000e+00
1.172000e+02 9.615000e-18 9.615000e-18 0.000000e+00
1.182000e+02 3.389252e-18 3.389252e-18 0.000000e+00
1.192000e+02 6.212968e-18 6.212968e-18 0.000000e+00
1.202000e+02 1.525800e-17 1.525800e-17 0.000000e+00
1.212000e+02 2.626482e-16 2.626482e-16 0.000000e+00
1.222000e+02 3.465781e-17 3.465781e-17 0.000000e+00
1.232000e+02 8.505240e-17 8.505240e-17 0.000000e+00
1.242000e+02 4.978330e-17 4.978330e-17 0.000000e+00
1.252000e+02 1.881271e-17 1.881271e-17 0.000000e+00
1.262000e+02 1.312214e-16 1.312214e-16 0.000000e+00
1.272000e+02 1.784779e-17 1.784779e-17 0.000000e+00
1.282000e+02 1.455909e-17 1.455909e-17 0.000000e+00
1.292000e+02 7.940484e-18 7.940484e-18 0.000000e+00
1.302000e+02 1.569990e-17 1.569990e-17 0.000000e+00
1.312000e+02 1.193684e-17 1.193684e-17 0.000000e+00
1.322000e+02 8.936443e-18 8.936443e-18 0.000000e+00
1.332000e+02 2.116085e-17 2.116085e-17 0.000000e+00
1.342000e+02 2.198829e-17 2.198829e-17 0.000000e+00
1.352000e+02 1.850056e-17 1.850056e-17 0.000000e+00
1.362000e+02 1.795191e-17 1.795191e-17 0.000000e+00
1.372000e+02 4.395209e-17 4.395209e-17 0.000000e+00
1.382000e+02 2.752249e-17 2.752249e-17 0.000000e+00
1.392000e+02 7.377437e-17 7.377437e-17 0.000000e+00
1.402000e+02 3.757912e-17 3.757912e-17 0.000000e+00
1.412000e+02 2.602118e-17 2.602118e-17 0.000000e+00
1.422000e+02 5.336032e-17 5.336032e-17 0.000000e+00
1.432000e+02 1.648573e-16 1.648573e-16 0.000000e+00
1.442000e+02 3.639757e-17 3.639757e-17 0.000000e+00
1.452000e+02 3.288898e-17 3.288898e-17 0.000000e+00
1.462000e+02 2.898794e-17 2.898794e-17 0.000000e+00
1.472000e+02 2.727511e-17 2.727511e-17 0.000000e+00
1.482000e+02 1.961374e-17 1.961374e-17 0.000000e+00
1.492000e+02 3.610288e-17 3.610288e-17 0.000000e+00
1.502000e+02 1.569034e-17 1.569034e-17 0.000000e+00
1.512000e+02 3.140424e-17 3.140424e-17 0.000000e+00
1.522000e+02 1.643996e-17 1.643996e-17 0.000000e+00
1.532000e+02 2.168548e-17 2.168548e-17 0.000000e+00
1.542000e+02 1.647338e-17 1.647338e-17 0.000000e+00
1.552000e+02 1.467936e-17 1.467936e-17 0.000000e+00
1.562000e+02 1.809580e-17 1.809580e-17 0.000000e+00
1.572000e+02 1.508970e-17 1.508970e-17 0.000000e+00
1.582000e+02 1.239147e-17 1.239147e-17 0.000000e+00
1.592000e+02 1.615415e-17 1.615415e-17 0.000000e+00
1.602000e+02 1.124507e-17 1.124507e-17 0.000000e+00
1.612000e+02 1.189333e-17 1.189333e-17 0.000000e+00
1.622000e+02 1.039074e-17 1.039074e-17 0.000000e+00
1.632000e+02 8.695633e-18 8.695633e-18 0.000000e+00
1.642000e+02 7.721147e-18 7.721147e-18 0.000000e+00
1.652000e+02 7.269770e-18 7.269770e-18 0.000000e+00
1.662000e+02 5.596470e-18 5.596470e-18 0.000000e+00
1.672000e+02 4.954582e-18 4.954582e-18 0.000000e+00
1.682000e+02 4.083163e-18 4.083163e-18 0.000000e+00
1.692000e+02 3.357583e-18 3.357583e-18 0.000000e+00
1.702000e+02 2.911307e-18 2.911307e-18 0.000000e+00
1.712000e+02 2.293159e-18 2.293159e-18 0.000000e+00
1.722000e+02 1.958702e-18 1.958702e-18 0.000000e+00
1.732000e+02 1.619809e-18 1.619809e-18 0.000000e+00
1.742000e+02 1.264220e-18 1.264220e-18 0.000000e+00
1.752000e+02 1.082805e-18 1.082805e-18 0.000000e+00
1.762000e+02 0.000000e+00 0.000000e+00 0.000000e+00
1.772000e+02 0.000000e+00 0.000000e+00 0.000000e+00
1.782000e+02 0.000000e+00 0.000000e+00 0.000000e+00
1.792000e+02 0.000000e+00 0.000000e+00 0.000000e+00
1.802000e+02 0.000000e+00 0.000000e+00 0.000000e+00
1.812000e+02 0.000000e+00 0.000000e+00 0.000000e+00
1.822000e+02 0.000000e+00 0.000000e+00 0.000000e+00
1.832000e+02 0.000000e+00 0.000000e+00 0.000000e+00
1.842000e+02 0.000000e+00 0.000000e+00 0.000000e+00
1.852000e+02 0.000000e+00 0.000000e+00 0.000000e+00
1.862000e+02 0.000000e+00 0.000000e+00 0.000000e+00
1.872000e+02 0.000000e+00 0.000000e+00 0.000000e+00
1.882000e+02 0.000000e+00 0.000000e+00 0.000000e+00
1.892000e+02 0.000000e+00 0.000000e+00 0.000000e+00
1.902000e+02 0.000000e+00 0.000000e+00 0.000000e+00
1.912000e+02 0.000000e+00 0.000000e+00 0.000000e+00
1.922000e+02 0.000000e+00 0.000000e+00 0.000000e+00
1.932000e+02 0.000000e+00 0.000000e+00 0.000000e+00
1.942000e+02 0.000000e+00 0.000000e+00 0.000000e+00
1.952000e+02 0.000000e+00 0.000000e+00 0.000000e+00
1.962000e+02 0.000000e+00 0.000000e+00 0.000000e+00
1.972000e+02 0.000000e+00 0.000000e+00 0.000000e+00
1.982000e+02 0.000000e+00 0.000000e+00 0.000000e+00
1.992000e+02 0.000000e+00 0.000000e+00 0.000000e+00
2.002000e+02 0.000000e+00 0.000000e+00 0.000000e+00
2.012000e+02 0.000000e+00 0.000000e+00 0.000000e+00
2.022000e+02 0.000000e+00 0.000000e+00 0.000000e+00
2.032000e+02 0.000000e+00 0.000000e+00 0.000000e+00
2.042000e+02 0.000000e+00 0.000000e+00 0.000000e+00
2.052000e+02 0.000000e+00 0.000000e+00 0.000000e+00
2.062000e+02 0.000000e+00 0.000000e+00 0.000000e+00
2.072000e+02 0.000000e+00 0.000000e+00 0.000000e+00
2.082000e+02 0.000000e+00 0.000000e+00 0.000000e+00
2.092000e+02 0.000000e+00 0.000000e+00 0.000000e+00
2.102000e+02 0.000000e+00 0.000000e+00 0.000000e+00
2.112000e+02 0.000000e+00 0.000000e+00 0.000000e+00
2.122000e+02 0.000000e+00 0.000000e+00 0.000000e+00
2.132000e+02 0.000000e+00 0.000000e+00 0.000000e+00
2.142000e+02 0.000000e+00 0.000000e+00 0.000000e+00
2.152000e+02 0.000000e+00 0.000000e+00 0.000000e+00
2.162000e+02 0.000000e+00 0.000000e+00 0.000000e+00
2.172000e+02 0.000000e+00 0.000000e+00 0.000000e+00
2.182000e+02 0.000000e+00 0.000000e+00 0.000000e+00
2.192000e+02 0.000000e+00 0.000000e+00 0.000000e+00
2.202000e+02 0.000000e+00 0.000000e+00 0.000000e+00
2.212000e+02 0.000000e+00 0.000000e+00 0.000000e+00
2.222000e+02 0.000000e+00 0.000000e+00 0.000000e+00
2.232000e+02 0.000000e+00 0.000000e+00 0.000000e+00
2.242000e+02 0.000000e+00 0.000000e+00 0.000000e+00
2.252000e+02 0.000000e+00 0.000000e+00 0.000000e+00
2.262000e+02 0.000000e+00 0.000000e+00 0.000000e+00
2.272000e+02 0.000000e+00 0.000000e+00 0.000000e+00
2.282000e+02 0.000000e+00 0.000000e+00 0.000000e+00
2.292000e+02 0.000000e+00 0.000000e+00 0.000000e+00
2.302000e+02 0.000000e+00 0.000000e+00 0.000000e+00
2.312000e+02 0.000000e+00 0.000000e+00 0.000000e+00
2.322000e+02 0.000000e+00 0.000000e+00 0.000000e+00
2.332000e+02 0.000000e+00 0.000000e+00 0.000000e+00
2.342000e+02 0.000000e+00 0.000000e+00 0.000000e+00
2.352000e+02 0.000000e+00 0.000000e+00 0.000000e+00
2.362000e+02 0.000000e+00 0.000000e+00 0.000000e+00
2.372000e+02 0.000000e+00 0.000000e+00 0.000000e+00
2.382000e+02 0.000000e+00 0.000000e+00 0.000000e+00
2.392000e+02 0.000000e+00 0.000000e+00 0.000000e+00
2.402000e+02 0.000000e+00 0.000000e+00 0.000000e+00
2.412000e+02 0.000000e+00 0.000000e+00 0.000000e+00
2.422000e+02 0.000000e+00 0.000000e+00 0.000000e+00
2.432000e+02 0.000000e+00 0.000000e+00 0.000000e+00
2.442000e+02 0.000000e+00 0.000000e+00 0.000000e+00
2.452000e+02 0.000000e+00 0.000000e+00 0.000000e+00
2.462000e+02 0.000000e+00 0.000000e+00 0.000000e+00
2.472000e+02 0.000000e+00 0.000000e+00 0.000000e+00
2.482000e+02 0.000000e+00 0.000000e+00 0.000000e+00
2.492000e+02 0.000000e+00 0.000000e+00 0.000000e+00
2.502000e+02 0.000000e+00 0.000000e+00 0.000000e+00
2.512000e+02 0.000000e+00 0.000000e+00 0.000000e+00
2.522000e+02 0.000000e+00 0.000000e+00 0.000000e+00
2.532000e+02 0.000000e+00 0.000000e+00 0.000000e+00
2.542000e+02 0.000000e+00 0.000000e+00 0.000000e+00
2.552000e+02 0.000000e+00 0.000000e+00 0.000000e+00
2.562000e+02 0.000000e+00 0.000000e+00 0.000000e+00
2.572000e+02 0.000000e+00 0.000000e+00 0.000000e+00
2.582000e+02 0.000000e+00 0.000000e+00 0.000000e+00
2.592000e+02 0.000000e+00 0.000000e+00 0.000000e+00
2.602000e+02 0.000000e+00 0.000000e+00 0.000000e+00
2.612000e+02 0.000000e+00 0.000000e+00 0.000000e+00
2.622000e+02 0.000000e+00 0.000000e+00 0.000000e+00
2.632000e+02 0.000000e+00 0.000000e+00 0.000000e+00
2.642000e+02 0.000000e+00 0.000000e+00 0.000000e+00
2.652000e+02 0.000000e+00 0.000000e+00 0.000000e+00
2.662000e+02 0.000000e+00 0.000000e+00 0.000000e+00
2.672000e+02 0.000000e+00 0.000000e+00 0.000000e+00
2.682000e+02 0.000000e+00 0.000000e+00 0.000000e+00
2.692000e+02 0.000000e+00 0.000000e+00 0.000000e+00
2.702000e+02 0.000000e+00 0.000000e+00 0.000000e+00
2.712000e+02 0.000000e+00 0.000000e+00 0.000000e+00
2.722000e+02 0.000000e+00 0.000000e+00 0.000000e+00
2.732000e+02 0.000000e+00 0.000000e+00 0.000000e+00
2.742000e+02 0.000000e+00 0.000000e+00 0.000000e+00
2.752000e+02 0.000000e+00 0.000000e+00 0.000000e+00
2.762000e+02 0.000000e+00 0.000000e+00 0.000000e+00
2.772000e+02 0.000000e+00 0.000000e+00 0.000000e+00
2.782000e+02 0.000000e+00 0.000000e+00 0.000000e+00
2.792000e+02 0.000000e+00 0.000000e+00 0.000000e+00
2.802000e+02 0.000000e+00 0.000000e+00 0.000000e+00
2.812000e+02 0.000000e+00 0.000000e+00 0.000000e+00
2.822000e+02 0.000000e+00 0.000000e+00 0.000000e+00
2.832000e+02 0.000000e+00 0.000000e+00 0.000000e+00
2.842000e+02 0.000000e+00 0.000000e+00 0.000000e+00
2.852000e+02 0.000000e+00 0.000000e+00 0.000000e+00
2.862000e+02 0.000000e+00 0.000000e+00 0.000000e+00
2.872000e+02 0.000000e+00 0.000000e+00 0.000000e+00
2.882000e+02 0.000000e+00 0.000000e+00 0.000000e+00
2.892000e+02 0.000000e+00 0.000000e+00 0.000000e+00
2.902000e+02 0.000000e+00 0.000000e+00 0.000000e+00
2.912000e+02 0.000000e+00 0.000000e+00 0.000000e+00
2.922000e+02 0.000000e+00 0.000000e+00 0.000000e+00
2.932000e+02 0.000000e+00 0.000000e+00 0.000000e+00
2.942000e+02 0.000000e+00 0.000000e+00 0.000000e+00
2.952000e+02 0.000000e+00 0.000000e+00 0.000000e+00
2.962000e+02 0.000000e+00 0.000000e+00 0.000000e+00
2.972000e+02 0.000000e+00 0.000000e+00 0.000000e+00
2.982000e+02 0.000000e+00 0.000000e+00 0.000000e+00
2.992000e+02 0.000000e+00 0.000000e+00 0.000000e+00
3.002000e+02 0.000000e+00 0.000000e+00 0.000000e+00
3.012000e+02 0.000000e+00 0.000000e+00 0.000000e+00
3.022000e+02 0.000000e+00 0.000000e+00 0.000000e+00
3.032000e+02 0.000000e+00 0.000000e+00 0.000000e+00
3.042000e+02 0.000000e+00 0.000000e+00 0.000000e+00
3.052000e+02 0.000000e+00 0.000000e+00 0.000000e+00
3.062000e+02 0.000000e+00 0.000000e+00 0.000000e+00
3.072000e+02 0.000000e+00 0.000000e+00 0.000000e+00
3.082000e+02 0.000000e+00 0.000000e+00 0.000000e+00
3.092000e+02 0.000000e+00 0.000000e+00 0.000000e+00
3.102000e+02 0.000000e+00 0.000000e+00 0.000000e+00
3.112000e+02 0.000000e+00 0.000000e+00 0.000000e+00
3.122000e+02 0.000000e+00 0.000000e+00 0.000000e+00
3.132000e+02 0.000000e+00 0.000000e+00 0.000000e+00
3.142000e+02 0.000000e+00 0.000000e+00 0.000000e+00
3.152000e+02 0.000000e+00 0.000000e+00 0.000000e+00
3.162000e+02 0.000000e+00 0.000000e+00 0.000000e+00
3.172000e+02 0.000000e+00 0.000000e+00 0.000000e+00
3.182000e+02 0.000000e+00 0.000000e+00 0.000000e+00
3.192000e+02 0.000000e+00 0.000000e+00 0.000000e+00
3.202000e+02 0.000000e+00 0.000000e+00 0.000000e+00
3.212000e+02 0.000000e+00 0.000000e+00 0.000000e+00
3.222000e+02 0.000000e+00 0.000000e+00 0.000000e+00
3.232000e+02 0.000000e+00 0.000000e+00 0.000000e+00
3.242000e+02 0.000000e+00 0.000000e+00 0.000000e+00
3.252000e+02 0.000000e+00 0.000000e+00 0.000000e+00
3.262000e+02 0.000000e+00 0.000000e+00 0.000000e+00
3.272000e+02 0.000000e+00 0.000000e+00 0.000000e+00
3.282000e+02 0.000000e+00 0.000000e+00 0.000000e+00
3.292000e+02 0.000000e+00 0.000000e+00 0.000000e+00
3.302000e+02 0.000000e+00 0.000000e+00 0.000000e+00
3.312000e+02 0.000000e+00 0.000000e+00 0.000000e+00
3.322000e+02 0.000000e+00 0.000000e+00 0.000000e+00
3.332000e+02 0.000000e+00 0.000000e+00 0.000000e+00
3.342000e+02 0.000000e+00 0.000000e+00 0.000000e+00
3.352000e+02 0.000000e+00 0.000000e+00 0.000000e+00
3.362000e+02 0.000000e+00 0.000000e+00 0.000000e+00
3.372000e+02 0.000000e+00 0.000000e+00 0.000000e+00
3.382000e+02 0.000000e+00 0.000000e+00 0.000000e+00
3.392000e+02 0.000000e+00 0.000000e+00 0.000000e+00
3.402000e+02 0.000000e+00 0.000000e+00 0.000000e+00
3.412000e+02 0.000000e+00 0.000000e+00 0.000000e+00
3.422000e+02 0.000000e+00 0.000000e+00 0.000000e+00
3.432000e+02 0.000000e+00 0.000000e+00 0.000000e+00
3.442000e+02 0.000000e+00 0.000000e+00 0.000000e+00
3.452000e+02 0.000000e+00 0.000000e+00 0.000000e+00
3.462000e+02 0.000000e+00 0.000000e+00 0.000000e+00
3.472000e+02 0.000000e+00 0.000000e+00 0.000000e+00
3.482000e+02 0.000000e+00 0.000000e+00 0.000000e+00
3.492000e+02 0.000000e+00 0.000000e+00 0.000000e+00
3.502000e+02 0.000000e+00 0.000000e+00 0.000000e+00
3.512000e+02 0.000000e+00 0.000000e+00 0.000000e+00
3.522000e+02 0.000000e+00 0.000000e+00 0.000000e+00
3.532000e+02 0.000000e+00 0.000000e+00 0.000000e+00
3.542000e+02 0.000000e+00 0.000000e+00 0.000000e+00
3.552000e+02 0.000000e+00 0.000000e+00 0.000000e+00
3.562000e+02 0.000000e+00 0.000000e+00 0.000000e+00
3.572000e+02 0.000000e+00 0.000000e+00 0.000000e+00
3.582000e+02 0.000000e+00 0.000000e+00 0.000000e+00
3.592000e+02 0.000000e+00 0.000000e+00 0.000000e+00
3.602000e+02 0.000000e+00 0.000000e+00 0.000000e+00
3.612000e+02 0.000000e+00 0.000000e+00 0.000000e+00
3.622000e+02 0.000000e+00 0.000000e+00 0.000000e+00
3.632000e+02 0.000000e+00 0.000000e+00 0.000000e+00
3.642000e+02 0.000000e+00 0.000000e+00 0.000000e+00
3.652000e+02 0.000000e+00 0.000000e+00 0.000000e+00
3.662000e+02 0.000000e+00 0.000000e+00 0.000000e+00
3.672000e+02 0.000000e+00 0.000000e+00 0.000000e+00
3.682000e+02 0.000000e+00 0.000000e+00 0.000000e+00
3.692000e+02 0.000000e+00 0.000000e+00 0.000000e+00
3.702000e+02 0.000000e+00 0.000000e+00 0.000000e+00
3.712000e+02 0.000000e+00 0.000000e+00 0.000000e+00
3.722000e+02 0.000000e+00 0.000000e+00 0.000000e+00
3.732000e+02 0.000000e+00 0.000000e+00 0.000000e+00
3.742000e+02 0.000000e+00 0.000000e+00 0.000000e+00
3.752000e+02 0.000000e+00 0.000000e+00 0.000000e+00
3.762000e+02 0.000000e+00 0.000000e+00 0.000000e+00
3.772000e+02 0.000000e+00 0.000000e+00 0.000000e+00
3.782000e+02 0.000000e+00 0.000000e+00 0.000000e+00
3.792000e+02 0.000000e+00 0.000000e+00 0.000000e+00
3.802000e+02 0.000000e+00 0.000000e+00 0.000000e+00
3.812000e+02 0.000000e+00 0.000000e+00 0.000000e+00
3.822000e+02 0.000000e+00 0.000000e+00 0.000000e+00
3.832000e+02 0.000000e+00 0.000000e+00 0.000000e+00
3.842000e+02 0.000000e+00 0.000000e+00 0.000000e+00
3.852000e+02 0.000000e+00 0.000000e+00 0.000000e+00
3.862000e+02 0.000000e+00 0.000000e+00 0.000000e+00
3.872000e+02 0.000000e+00 0.000000e+00 0.000000e+00
3.882000e+02 0.000000e+00 0.000000e+00 0.000000e+00
3.892000e+02 0.000000e+00 0.000000e+00 0.000000e+00
3.902000e+02 0.000000e+00 0.000000e+00 0.000000e+00
3.912000e+02 0.000000e+00 0.000000e+00 0.000000e+00
3.922000e+02 0.000000e+00 0.000000e+00 0.000000e+00
3.932000e+02 0.000000e+00 0.000000e+00 0.000000e+00
3.942000e+02 0.000000e+00 0.000000e+00 0.000000e+00
3.952000e+02 0.000000e+00 0.000000e+00 0.000000e+00
3.962000e+02 0.000000e+00 0.000000e+00 0.000000e+00
3.972000e+02 0.000000e+00 0.000000e+00 0.000000e+00
3.982000e+02 0.000000e+00 0.000000e+00 0.000000e+00
3.992000e+02 0.000000e+00 0.000000e+00 0.000000e+00
