# NH2 cross sections
# #photoabsorption   -- Photoabsorption cross section (cm2)
# #photodissociation -- Photodissociation cross section (cm2)
# #photoionisation   -- Photoionisation cross section (cm2)
# #This version has been resampled to a uniform 0.1nm grid while maintaining a constant integrated cross section (using trapezoidal integration).
# #wavelength photoabsorption photodissociation photoionisation
9.120000e+01 1.563862e-17 0.000000e+00 1.563862e-17
9.220000e+01 1.595833e-17 0.000000e+00 1.595833e-17
9.320000e+01 1.681334e-17 0.000000e+00 1.681334e-17
9.420000e+01 1.645852e-17 0.000000e+00 1.645852e-17
9.520000e+01 1.639000e-17 0.000000e+00 1.639000e-17
9.620000e+01 1.670823e-17 0.000000e+00 1.670823e-17
9.720000e+01 1.624801e-17 0.000000e+00 1.624801e-17
9.820000e+01 1.588239e-17 0.000000e+00 1.588239e-17
9.920000e+01 1.636532e-17 0.000000e+00 1.636532e-17
1.002000e+02 1.305346e-17 7.181468e-46 1.305346e-17
1.012000e+02 1.330136e-17 2.723206e-40 1.330136e-17
1.022000e+02 1.046998e-17 2.594140e-35 1.046998e-17
1.032000e+02 8.976679e-18 6.209707e-31 8.976679e-18
1.042000e+02 1.020691e-17 3.736176e-27 1.020691e-17
1.052000e+02 5.105722e-18 5.651554e-24 5.105716e-18
1.062000e+02 4.374574e-18 2.149750e-21 4.372425e-18
1.072000e+02 5.159066e-18 2.056693e-19 4.953397e-18
1.082000e+02 6.428740e-18 4.949686e-18 1.479054e-18
1.092000e+02 3.144911e-17 2.996815e-17 1.480955e-18
1.102000e+02 4.648151e-17 4.565032e-17 8.311950e-19
1.112000e+02 1.787931e-17 1.749587e-17 3.834406e-19
1.122000e+02 2.010186e-18 1.687021e-18 3.231656e-19
1.132000e+02 4.523517e-20 4.523517e-20 0.000000e+00
1.142000e+02 8.352349e-21 8.352349e-21 0.000000e+00
1.152000e+02 8.828339e-21 8.828339e-21 0.000000e+00
1.162000e+02 1.320542e-20 1.320542e-20 0.000000e+00
1.172000e+02 1.740437e-20 1.740437e-20 0.000000e+00
1.182000e+02 1.770722e-20 1.770722e-20 0.000000e+00
1.192000e+02 2.207810e-20 2.207810e-20 0.000000e+00
1.202000e+02 2.220059e-20 2.220059e-20 0.000000e+00
1.212000e+02 2.689003e-20 2.689003e-20 0.000000e+00
1.222000e+02 3.633292e-20 3.633292e-20 0.000000e+00
1.232000e+02 4.693600e-20 4.693600e-20 0.000000e+00
1.242000e+02 6.865995e-20 6.865995e-20 0.000000e+00
1.252000e+02 1.004714e-19 1.004714e-19 0.000000e+00
1.262000e+02 1.395564e-19 1.395564e-19 0.000000e+00
1.272000e+02 1.859577e-19 1.859577e-19 0.000000e+00
1.282000e+02 2.309748e-19 2.309748e-19 0.000000e+00
1.292000e+02 2.593411e-19 2.593411e-19 0.000000e+00
1.302000e+02 2.659044e-19 2.659044e-19 0.000000e+00
1.312000e+02 2.415653e-19 2.415653e-19 0.000000e+00
1.322000e+02 1.720252e-19 1.720252e-19 0.000000e+00
1.332000e+02 9.766211e-20 9.766211e-20 0.000000e+00
1.342000e+02 5.041783e-20 5.041783e-20 0.000000e+00
1.352000e+02 1.022889e-19 1.022889e-19 0.000000e+00
1.362000e+02 3.238252e-19 3.238252e-19 0.000000e+00
1.372000e+02 8.574507e-19 8.574507e-19 0.000000e+00
1.382000e+02 1.741637e-18 1.741637e-18 0.000000e+00
1.392000e+02 3.024396e-18 3.024396e-18 0.000000e+00
1.402000e+02 4.001151e-18 4.001151e-18 0.000000e+00
1.412000e+02 3.931963e-18 3.931963e-18 0.000000e+00
1.422000e+02 3.198322e-18 3.198322e-18 0.000000e+00
1.432000e+02 2.419443e-18 2.419443e-18 0.000000e+00
1.442000e+02 1.598389e-18 1.598389e-18 0.000000e+00
1.452000e+02 9.879261e-19 9.879261e-19 0.000000e+00
1.462000e+02 6.054334e-19 6.054334e-19 0.000000e+00
1.472000e+02 3.525457e-19 3.525457e-19 0.000000e+00
1.482000e+02 2.360225e-19 2.360225e-19 0.000000e+00
1.492000e+02 1.907900e-19 1.907900e-19 0.000000e+00
1.502000e+02 2.222826e-19 2.222826e-19 0.000000e+00
1.512000e+02 9.447891e-20 9.447891e-20 0.000000e+00
1.522000e+02 1.421305e-19 1.421305e-19 0.000000e+00
1.532000e+02 5.805214e-19 5.805214e-19 0.000000e+00
1.542000e+02 1.746314e-19 1.746314e-19 0.000000e+00
1.552000e+02 8.239791e-19 8.239791e-19 0.000000e+00
1.562000e+02 2.336672e-19 2.336672e-19 0.000000e+00
1.572000e+02 1.538993e-18 1.538993e-18 0.000000e+00
1.582000e+02 3.061627e-18 3.061627e-18 0.000000e+00
1.592000e+02 5.513930e-18 5.513930e-18 0.000000e+00
1.602000e+02 7.131348e-18 7.131348e-18 0.000000e+00
1.612000e+02 1.665375e-17 1.665375e-17 0.000000e+00
1.622000e+02 5.390178e-18 5.390178e-18 0.000000e+00
1.632000e+02 1.639823e-17 1.639823e-17 0.000000e+00
1.642000e+02 4.562755e-18 4.562755e-18 0.000000e+00
1.652000e+02 1.031697e-17 1.031697e-17 0.000000e+00
1.662000e+02 2.357245e-17 2.357245e-17 0.000000e+00
1.672000e+02 1.912773e-16 1.912773e-16 0.000000e+00
1.682000e+02 6.917170e-18 6.917170e-18 0.000000e+00
1.692000e+02 1.454887e-17 1.454887e-17 0.000000e+00
1.702000e+02 5.708902e-18 5.708902e-18 0.000000e+00
1.712000e+02 8.432224e-18 8.432224e-18 0.000000e+00
1.722000e+02 1.088364e-18 1.088364e-18 0.000000e+00
1.732000e+02 2.049572e-17 2.049572e-17 0.000000e+00
1.742000e+02 5.940427e-18 5.940427e-18 0.000000e+00
1.752000e+02 3.740937e-18 3.740937e-18 0.000000e+00
1.762000e+02 4.478038e-19 4.478038e-19 0.000000e+00
1.772000e+02 6.944773e-22 6.944773e-22 0.000000e+00
1.782000e+02 3.658772e-22 3.658772e-22 0.000000e+00
1.792000e+02 1.176489e-22 1.176489e-22 0.000000e+00
1.802000e+02 7.927058e-23 7.927058e-23 0.000000e+00
1.812000e+02 3.523093e-23 3.523093e-23 0.000000e+00
1.822000e+02 2.572191e-22 2.572191e-22 0.000000e+00
1.832000e+02 6.666916e-22 6.666916e-22 0.000000e+00
1.842000e+02 1.203046e-21 1.203046e-21 0.000000e+00
1.852000e+02 1.790730e-21 1.790730e-21 0.000000e+00
1.862000e+02 2.519261e-21 2.519261e-21 0.000000e+00
1.872000e+02 3.167290e-21 3.167290e-21 0.000000e+00
1.882000e+02 3.687449e-21 3.687449e-21 0.000000e+00
1.892000e+02 4.160539e-21 4.160539e-21 0.000000e+00
1.902000e+02 4.341477e-21 4.341477e-21 0.000000e+00
1.912000e+02 4.054293e-21 4.054293e-21 0.000000e+00
1.922000e+02 2.953043e-21 2.953043e-21 0.000000e+00
1.932000e+02 1.741807e-21 1.741807e-21 0.000000e+00
1.942000e+02 6.049882e-22 6.049882e-22 0.000000e+00
1.952000e+02 5.009789e-23 5.009789e-23 0.000000e+00
1.962000e+02 8.771633e-24 8.771633e-24 0.000000e+00
1.972000e+02 9.078713e-24 9.078713e-24 0.000000e+00
1.982000e+02 3.931609e-24 3.931609e-24 0.000000e+00
1.992000e+02 3.161270e-24 3.161270e-24 0.000000e+00
2.002000e+02 0.000000e+00 0.000000e+00 0.000000e+00
2.012000e+02 0.000000e+00 0.000000e+00 0.000000e+00
2.022000e+02 0.000000e+00 0.000000e+00 0.000000e+00
2.032000e+02 0.000000e+00 0.000000e+00 0.000000e+00
2.042000e+02 0.000000e+00 0.000000e+00 0.000000e+00
2.052000e+02 0.000000e+00 0.000000e+00 0.000000e+00
2.062000e+02 0.000000e+00 0.000000e+00 0.000000e+00
2.072000e+02 0.000000e+00 0.000000e+00 0.000000e+00
2.082000e+02 0.000000e+00 0.000000e+00 0.000000e+00
2.092000e+02 0.000000e+00 0.000000e+00 0.000000e+00
2.102000e+02 0.000000e+00 0.000000e+00 0.000000e+00
2.112000e+02 0.000000e+00 0.000000e+00 0.000000e+00
2.122000e+02 0.000000e+00 0.000000e+00 0.000000e+00
2.132000e+02 0.000000e+00 0.000000e+00 0.000000e+00
2.142000e+02 0.000000e+00 0.000000e+00 0.000000e+00
2.152000e+02 0.000000e+00 0.000000e+00 0.000000e+00
2.162000e+02 0.000000e+00 0.000000e+00 0.000000e+00
2.172000e+02 0.000000e+00 0.000000e+00 0.000000e+00
2.182000e+02 0.000000e+00 0.000000e+00 0.000000e+00
2.192000e+02 0.000000e+00 0.000000e+00 0.000000e+00
2.202000e+02 0.000000e+00 0.000000e+00 0.000000e+00
2.212000e+02 0.000000e+00 0.000000e+00 0.000000e+00
2.222000e+02 0.000000e+00 0.000000e+00 0.000000e+00
2.232000e+02 0.000000e+00 0.000000e+00 0.000000e+00
2.242000e+02 0.000000e+00 0.000000e+00 0.000000e+00
2.252000e+02 0.000000e+00 0.000000e+00 0.000000e+00
2.262000e+02 0.000000e+00 0.000000e+00 0.000000e+00
2.272000e+02 0.000000e+00 0.000000e+00 0.000000e+00
2.282000e+02 0.000000e+00 0.000000e+00 0.000000e+00
2.292000e+02 0.000000e+00 0.000000e+00 0.000000e+00
2.302000e+02 0.000000e+00 0.000000e+00 0.000000e+00
2.312000e+02 0.000000e+00 0.000000e+00 0.000000e+00
2.322000e+02 0.000000e+00 0.000000e+00 0.000000e+00
2.332000e+02 0.000000e+00 0.000000e+00 0.000000e+00
2.342000e+02 0.000000e+00 0.000000e+00 0.000000e+00
2.352000e+02 0.000000e+00 0.000000e+00 0.000000e+00
2.362000e+02 0.000000e+00 0.000000e+00 0.000000e+00
2.372000e+02 0.000000e+00 0.000000e+00 0.000000e+00
2.382000e+02 0.000000e+00 0.000000e+00 0.000000e+00
2.392000e+02 0.000000e+00 0.000000e+00 0.000000e+00
2.402000e+02 0.000000e+00 0.000000e+00 0.000000e+00
2.412000e+02 0.000000e+00 0.000000e+00 0.000000e+00
2.422000e+02 0.000000e+00 0.000000e+00 0.000000e+00
2.432000e+02 0.000000e+00 0.000000e+00 0.000000e+00
2.442000e+02 0.000000e+00 0.000000e+00 0.000000e+00
2.452000e+02 0.000000e+00 0.000000e+00 0.000000e+00
2.462000e+02 0.000000e+00 0.000000e+00 0.000000e+00
2.472000e+02 0.000000e+00 0.000000e+00 0.000000e+00
2.482000e+02 0.000000e+00 0.000000e+00 0.000000e+00
2.492000e+02 0.000000e+00 0.000000e+00 0.000000e+00
2.502000e+02 0.000000e+00 0.000000e+00 0.000000e+00
2.512000e+02 0.000000e+00 0.000000e+00 0.000000e+00
2.522000e+02 0.000000e+00 0.000000e+00 0.000000e+00
2.532000e+02 0.000000e+00 0.000000e+00 0.000000e+00
2.542000e+02 0.000000e+00 0.000000e+00 0.000000e+00
2.552000e+02 0.000000e+00 0.000000e+00 0.000000e+00
2.562000e+02 0.000000e+00 0.000000e+00 0.000000e+00
2.572000e+02 0.000000e+00 0.000000e+00 0.000000e+00
2.582000e+02 0.000000e+00 0.000000e+00 0.000000e+00
2.592000e+02 0.000000e+00 0.000000e+00 0.000000e+00
2.602000e+02 0.000000e+00 0.000000e+00 0.000000e+00
2.612000e+02 0.000000e+00 0.000000e+00 0.000000e+00
2.622000e+02 0.000000e+00 0.000000e+00 0.000000e+00
2.632000e+02 0.000000e+00 0.000000e+00 0.000000e+00
2.642000e+02 0.000000e+00 0.000000e+00 0.000000e+00
2.652000e+02 0.000000e+00 0.000000e+00 0.000000e+00
2.662000e+02 0.000000e+00 0.000000e+00 0.000000e+00
2.672000e+02 0.000000e+00 0.000000e+00 0.000000e+00
2.682000e+02 0.000000e+00 0.000000e+00 0.000000e+00
2.692000e+02 0.000000e+00 0.000000e+00 0.000000e+00
2.702000e+02 0.000000e+00 0.000000e+00 0.000000e+00
2.712000e+02 0.000000e+00 0.000000e+00 0.000000e+00
2.722000e+02 0.000000e+00 0.000000e+00 0.000000e+00
2.732000e+02 0.000000e+00 0.000000e+00 0.000000e+00
2.742000e+02 0.000000e+00 0.000000e+00 0.000000e+00
2.752000e+02 0.000000e+00 0.000000e+00 0.000000e+00
2.762000e+02 0.000000e+00 0.000000e+00 0.000000e+00
2.772000e+02 0.000000e+00 0.000000e+00 0.000000e+00
2.782000e+02 0.000000e+00 0.000000e+00 0.000000e+00
2.792000e+02 0.000000e+00 0.000000e+00 0.000000e+00
2.802000e+02 0.000000e+00 0.000000e+00 0.000000e+00
2.812000e+02 0.000000e+00 0.000000e+00 0.000000e+00
2.822000e+02 0.000000e+00 0.000000e+00 0.000000e+00
2.832000e+02 0.000000e+00 0.000000e+00 0.000000e+00
2.842000e+02 0.000000e+00 0.000000e+00 0.000000e+00
2.852000e+02 0.000000e+00 0.000000e+00 0.000000e+00
2.862000e+02 0.000000e+00 0.000000e+00 0.000000e+00
2.872000e+02 0.000000e+00 0.000000e+00 0.000000e+00
2.882000e+02 0.000000e+00 0.000000e+00 0.000000e+00
2.892000e+02 0.000000e+00 0.000000e+00 0.000000e+00
2.902000e+02 0.000000e+00 0.000000e+00 0.000000e+00
2.912000e+02 0.000000e+00 0.000000e+00 0.000000e+00
2.922000e+02 0.000000e+00 0.000000e+00 0.000000e+00
2.932000e+02 0.000000e+00 0.000000e+00 0.000000e+00
2.942000e+02 0.000000e+00 0.000000e+00 0.000000e+00
2.952000e+02 0.000000e+00 0.000000e+00 0.000000e+00
2.962000e+02 0.000000e+00 0.000000e+00 0.000000e+00
2.972000e+02 0.000000e+00 0.000000e+00 0.000000e+00
2.982000e+02 0.000000e+00 0.000000e+00 0.000000e+00
2.992000e+02 0.000000e+00 0.000000e+00 0.000000e+00
3.002000e+02 0.000000e+00 0.000000e+00 0.000000e+00
3.012000e+02 0.000000e+00 0.000000e+00 0.000000e+00
3.022000e+02 0.000000e+00 0.000000e+00 0.000000e+00
3.032000e+02 0.000000e+00 0.000000e+00 0.000000e+00
3.042000e+02 0.000000e+00 0.000000e+00 0.000000e+00
3.052000e+02 0.000000e+00 0.000000e+00 0.000000e+00
3.062000e+02 0.000000e+00 0.000000e+00 0.000000e+00
3.072000e+02 0.000000e+00 0.000000e+00 0.000000e+00
3.082000e+02 0.000000e+00 0.000000e+00 0.000000e+00
3.092000e+02 0.000000e+00 0.000000e+00 0.000000e+00
3.102000e+02 0.000000e+00 0.000000e+00 0.000000e+00
3.112000e+02 0.000000e+00 0.000000e+00 0.000000e+00
3.122000e+02 0.000000e+00 0.000000e+00 0.000000e+00
3.132000e+02 0.000000e+00 0.000000e+00 0.000000e+00
3.142000e+02 0.000000e+00 0.000000e+00 0.000000e+00
3.152000e+02 0.000000e+00 0.000000e+00 0.000000e+00
3.162000e+02 0.000000e+00 0.000000e+00 0.000000e+00
3.172000e+02 0.000000e+00 0.000000e+00 0.000000e+00
3.182000e+02 0.000000e+00 0.000000e+00 0.000000e+00
3.192000e+02 0.000000e+00 0.000000e+00 0.000000e+00
3.202000e+02 0.000000e+00 0.000000e+00 0.000000e+00
3.212000e+02 0.000000e+00 0.000000e+00 0.000000e+00
3.222000e+02 0.000000e+00 0.000000e+00 0.000000e+00
3.232000e+02 0.000000e+00 0.000000e+00 0.000000e+00
3.242000e+02 0.000000e+00 0.000000e+00 0.000000e+00
3.252000e+02 0.000000e+00 0.000000e+00 0.000000e+00
3.262000e+02 0.000000e+00 0.000000e+00 0.000000e+00
3.272000e+02 0.000000e+00 0.000000e+00 0.000000e+00
3.282000e+02 0.000000e+00 0.000000e+00 0.000000e+00
3.292000e+02 0.000000e+00 0.000000e+00 0.000000e+00
3.302000e+02 0.000000e+00 0.000000e+00 0.000000e+00
3.312000e+02 0.000000e+00 0.000000e+00 0.000000e+00
3.322000e+02 0.000000e+00 0.000000e+00 0.000000e+00
3.332000e+02 0.000000e+00 0.000000e+00 0.000000e+00
3.342000e+02 0.000000e+00 0.000000e+00 0.000000e+00
3.352000e+02 0.000000e+00 0.000000e+00 0.000000e+00
3.362000e+02 0.000000e+00 0.000000e+00 0.000000e+00
3.372000e+02 0.000000e+00 0.000000e+00 0.000000e+00
3.382000e+02 0.000000e+00 0.000000e+00 0.000000e+00
3.392000e+02 0.000000e+00 0.000000e+00 0.000000e+00
3.402000e+02 0.000000e+00 0.000000e+00 0.000000e+00
3.412000e+02 0.000000e+00 0.000000e+00 0.000000e+00
3.422000e+02 0.000000e+00 0.000000e+00 0.000000e+00
3.432000e+02 0.000000e+00 0.000000e+00 0.000000e+00
3.442000e+02 0.000000e+00 0.000000e+00 0.000000e+00
3.452000e+02 0.000000e+00 0.000000e+00 0.000000e+00
3.462000e+02 0.000000e+00 0.000000e+00 0.000000e+00
3.472000e+02 0.000000e+00 0.000000e+00 0.000000e+00
3.482000e+02 0.000000e+00 0.000000e+00 0.000000e+00
3.492000e+02 0.000000e+00 0.000000e+00 0.000000e+00
3.502000e+02 0.000000e+00 0.000000e+00 0.000000e+00
3.512000e+02 0.000000e+00 0.000000e+00 0.000000e+00
3.522000e+02 0.000000e+00 0.000000e+00 0.000000e+00
3.532000e+02 0.000000e+00 0.000000e+00 0.000000e+00
3.542000e+02 0.000000e+00 0.000000e+00 0.000000e+00
3.552000e+02 0.000000e+00 0.000000e+00 0.000000e+00
3.562000e+02 0.000000e+00 0.000000e+00 0.000000e+00
3.572000e+02 0.000000e+00 0.000000e+00 0.000000e+00
3.582000e+02 0.000000e+00 0.000000e+00 0.000000e+00
3.592000e+02 0.000000e+00 0.000000e+00 0.000000e+00
3.602000e+02 0.000000e+00 0.000000e+00 0.000000e+00
3.612000e+02 0.000000e+00 0.000000e+00 0.000000e+00
3.622000e+02 0.000000e+00 0.000000e+00 0.000000e+00
3.632000e+02 0.000000e+00 0.000000e+00 0.000000e+00
3.642000e+02 0.000000e+00 0.000000e+00 0.000000e+00
3.652000e+02 0.000000e+00 0.000000e+00 0.000000e+00
3.662000e+02 0.000000e+00 0.000000e+00 0.000000e+00
3.672000e+02 0.000000e+00 0.000000e+00 0.000000e+00
3.682000e+02 0.000000e+00 0.000000e+00 0.000000e+00
3.692000e+02 0.000000e+00 0.000000e+00 0.000000e+00
3.702000e+02 0.000000e+00 0.000000e+00 0.000000e+00
3.712000e+02 0.000000e+00 0.000000e+00 0.000000e+00
3.722000e+02 0.000000e+00 0.000000e+00 0.000000e+00
3.732000e+02 0.000000e+00 0.000000e+00 0.000000e+00
3.742000e+02 0.000000e+00 0.000000e+00 0.000000e+00
3.752000e+02 0.000000e+00 0.000000e+00 0.000000e+00
3.762000e+02 0.000000e+00 0.000000e+00 0.000000e+00
3.772000e+02 0.000000e+00 0.000000e+00 0.000000e+00
3.782000e+02 0.000000e+00 0.000000e+00 0.000000e+00
3.792000e+02 0.000000e+00 0.000000e+00 0.000000e+00
3.802000e+02 0.000000e+00 0.000000e+00 0.000000e+00
3.812000e+02 0.000000e+00 0.000000e+00 0.000000e+00
3.822000e+02 0.000000e+00 0.000000e+00 0.000000e+00
3.832000e+02 0.000000e+00 0.000000e+00 0.000000e+00
3.842000e+02 0.000000e+00 0.000000e+00 0.000000e+00
3.852000e+02 0.000000e+00 0.000000e+00 0.000000e+00
3.862000e+02 0.000000e+00 0.000000e+00 0.000000e+00
3.872000e+02 0.000000e+00 0.000000e+00 0.000000e+00
3.882000e+02 0.000000e+00 0.000000e+00 0.000000e+00
3.892000e+02 0.000000e+00 0.000000e+00 0.000000e+00
3.902000e+02 0.000000e+00 0.000000e+00 0.000000e+00
3.912000e+02 0.000000e+00 0.000000e+00 0.000000e+00
3.922000e+02 0.000000e+00 0.000000e+00 0.000000e+00
3.932000e+02 0.000000e+00 0.000000e+00 0.000000e+00
3.942000e+02 0.000000e+00 0.000000e+00 0.000000e+00
3.952000e+02 0.000000e+00 0.000000e+00 0.000000e+00
3.962000e+02 0.000000e+00 0.000000e+00 0.000000e+00
3.972000e+02 0.000000e+00 0.000000e+00 0.000000e+00
3.982000e+02 0.000000e+00 0.000000e+00 0.000000e+00
3.992000e+02 0.000000e+00 0.000000e+00 0.000000e+00
