# NH2CHO cross sections
# #photoabsorption   -- Photoabsorption cross section (cm2)
# #photodissociation -- Photodissociation cross section (cm2)
# #photoionisation   -- Photoionisation cross section (cm2)
# #This version has been resampled to a uniform 0.1nm grid while maintaining a constant integrated cross section (using trapezoidal integration).
# #wavelength photoabsorption photodissociation photoionisation
9.120000e+01 3.985574e-17 0.000000e+00 3.985574e-17
9.220000e+01 4.077951e-17 0.000000e+00 4.077951e-17
9.320000e+01 4.236600e-17 1.236339e-18 4.112966e-17
9.420000e+01 3.986868e-17 3.987144e-18 3.588154e-17
9.520000e+01 3.687927e-17 5.177616e-18 3.170165e-17
9.620000e+01 3.273579e-17 5.303680e-18 2.743211e-17
9.720000e+01 3.117964e-17 5.907955e-18 2.527169e-17
9.820000e+01 2.881768e-17 6.201178e-18 2.261650e-17
9.920000e+01 2.906996e-17 8.287353e-18 2.078260e-17
1.002000e+02 2.895829e-17 8.942193e-18 2.001610e-17
1.012000e+02 2.847905e-17 1.024187e-17 1.823718e-17
1.022000e+02 2.628623e-17 9.329338e-18 1.695689e-17
1.032000e+02 2.570465e-17 9.780229e-18 1.592442e-17
1.042000e+02 2.580023e-17 9.547399e-18 1.625283e-17
1.052000e+02 2.815974e-17 1.289677e-17 1.526297e-17
1.062000e+02 2.773108e-17 1.357445e-17 1.415662e-17
1.072000e+02 2.735243e-17 1.350520e-17 1.384723e-17
1.082000e+02 2.663988e-17 1.286524e-17 1.377464e-17
1.092000e+02 2.551240e-17 1.220152e-17 1.331088e-17
1.102000e+02 2.359842e-17 1.053744e-17 1.306098e-17
1.112000e+02 2.492073e-17 1.275750e-17 1.216323e-17
1.122000e+02 2.413738e-17 1.219904e-17 1.193834e-17
1.132000e+02 2.315641e-17 1.228043e-17 1.087597e-17
1.142000e+02 2.241888e-17 1.257850e-17 9.840377e-18
1.152000e+02 1.934030e-17 1.116350e-17 8.176807e-18
1.162000e+02 1.921235e-17 1.288009e-17 6.332266e-18
1.172000e+02 1.980822e-17 1.533943e-17 4.468783e-18
1.182000e+02 1.920694e-17 1.569504e-17 3.511896e-18
1.192000e+02 1.961527e-17 1.757845e-17 2.036818e-18
1.202000e+02 1.904934e-17 1.761164e-17 1.437706e-18
1.212000e+02 1.860464e-17 1.794991e-17 6.547315e-19
1.222000e+02 1.874149e-17 1.856912e-17 1.723690e-19
1.232000e+02 1.662199e-17 1.645480e-17 1.671911e-19
1.242000e+02 1.577020e-17 1.577020e-17 0.000000e+00
1.252000e+02 1.539566e-17 1.539566e-17 0.000000e+00
1.262000e+02 1.380374e-17 1.380374e-17 0.000000e+00
1.272000e+02 1.184679e-17 1.184679e-17 0.000000e+00
1.282000e+02 1.140673e-17 1.140673e-17 0.000000e+00
1.292000e+02 1.131171e-17 1.131171e-17 0.000000e+00
1.302000e+02 1.191247e-17 1.191247e-17 0.000000e+00
1.312000e+02 1.277728e-17 1.277728e-17 0.000000e+00
1.322000e+02 1.237863e-17 1.237863e-17 0.000000e+00
1.332000e+02 1.475998e-17 1.475998e-17 0.000000e+00
1.342000e+02 1.586362e-17 1.586362e-17 0.000000e+00
1.352000e+02 1.497496e-17 1.497496e-17 0.000000e+00
1.362000e+02 1.381621e-17 1.381621e-17 0.000000e+00
1.372000e+02 1.351791e-17 1.351791e-17 0.000000e+00
1.382000e+02 8.810906e-18 8.810906e-18 0.000000e+00
1.392000e+02 1.036005e-17 1.036005e-17 0.000000e+00
1.402000e+02 9.503468e-18 9.503468e-18 0.000000e+00
1.412000e+02 7.527376e-18 7.527376e-18 0.000000e+00
1.422000e+02 7.036064e-18 7.036064e-18 0.000000e+00
1.432000e+02 7.475333e-18 7.475333e-18 0.000000e+00
1.442000e+02 6.082202e-18 6.082202e-18 0.000000e+00
1.452000e+02 4.813275e-18 4.813275e-18 0.000000e+00
1.462000e+02 5.227986e-18 5.227986e-18 0.000000e+00
1.472000e+02 5.348723e-18 5.348723e-18 0.000000e+00
1.482000e+02 5.818814e-18 5.818814e-18 0.000000e+00
1.492000e+02 8.124244e-18 8.124244e-18 0.000000e+00
1.502000e+02 9.291442e-18 9.291442e-18 0.000000e+00
1.512000e+02 9.570876e-18 9.570876e-18 0.000000e+00
1.522000e+02 1.193835e-17 1.193835e-17 0.000000e+00
1.532000e+02 1.534767e-17 1.534767e-17 0.000000e+00
1.542000e+02 1.497976e-17 1.497976e-17 0.000000e+00
1.552000e+02 1.648395e-17 1.648395e-17 0.000000e+00
1.562000e+02 2.576250e-17 2.576250e-17 0.000000e+00
1.572000e+02 2.013087e-17 2.013087e-17 0.000000e+00
1.582000e+02 2.221934e-17 2.221934e-17 0.000000e+00
1.592000e+02 2.610952e-17 2.610952e-17 0.000000e+00
1.602000e+02 3.959445e-17 3.959445e-17 0.000000e+00
1.612000e+02 2.884736e-17 2.884736e-17 0.000000e+00
1.622000e+02 3.211671e-17 3.211671e-17 0.000000e+00
1.632000e+02 3.442219e-17 3.442219e-17 0.000000e+00
1.642000e+02 3.653675e-17 3.653675e-17 0.000000e+00
1.652000e+02 3.906628e-17 3.906628e-17 0.000000e+00
1.662000e+02 3.802442e-17 3.802442e-17 0.000000e+00
1.672000e+02 3.797216e-17 3.797216e-17 0.000000e+00
1.682000e+02 4.213225e-17 4.213225e-17 0.000000e+00
1.692000e+02 3.845295e-17 3.845295e-17 0.000000e+00
1.702000e+02 3.530377e-17 3.530377e-17 0.000000e+00
1.712000e+02 3.768493e-17 3.768493e-17 0.000000e+00
1.722000e+02 3.040208e-17 3.040208e-17 0.000000e+00
1.732000e+02 2.506208e-17 2.506208e-17 0.000000e+00
1.742000e+02 2.401114e-17 2.401114e-17 0.000000e+00
1.752000e+02 2.323696e-17 2.323696e-17 0.000000e+00
1.762000e+02 1.335114e-17 1.335114e-17 0.000000e+00
1.772000e+02 1.058828e-17 1.058828e-17 0.000000e+00
1.782000e+02 9.269291e-18 9.269291e-18 0.000000e+00
1.792000e+02 8.849433e-18 8.849433e-18 0.000000e+00
1.802000e+02 8.521003e-18 8.521003e-18 0.000000e+00
1.812000e+02 8.268835e-18 8.268835e-18 0.000000e+00
1.822000e+02 8.026753e-18 8.026753e-18 0.000000e+00
1.832000e+02 7.703761e-18 7.703761e-18 0.000000e+00
1.842000e+02 7.544617e-18 7.544617e-18 0.000000e+00
1.852000e+02 7.323763e-18 7.323763e-18 0.000000e+00
1.862000e+02 7.014339e-18 7.014339e-18 0.000000e+00
1.872000e+02 6.603257e-18 6.603257e-18 0.000000e+00
1.882000e+02 6.187864e-18 6.187864e-18 0.000000e+00
1.892000e+02 5.804959e-18 5.804959e-18 0.000000e+00
1.902000e+02 5.417819e-18 5.417819e-18 0.000000e+00
1.912000e+02 4.952236e-18 4.952236e-18 0.000000e+00
1.922000e+02 4.319464e-18 4.319464e-18 0.000000e+00
1.932000e+02 3.522152e-18 3.522152e-18 0.000000e+00
1.942000e+02 3.268066e-18 3.268066e-18 0.000000e+00
1.952000e+02 3.048340e-18 3.048340e-18 0.000000e+00
1.962000e+02 2.622496e-18 2.622496e-18 0.000000e+00
1.972000e+02 2.018297e-18 2.018297e-18 0.000000e+00
1.982000e+02 1.660167e-18 1.660167e-18 0.000000e+00
1.992000e+02 1.314827e-18 1.314827e-18 0.000000e+00
2.002000e+02 1.146318e-18 1.146318e-18 0.000000e+00
2.012000e+02 9.997869e-19 9.997869e-19 0.000000e+00
2.022000e+02 8.739550e-19 8.739550e-19 0.000000e+00
2.032000e+02 7.861253e-19 7.861253e-19 0.000000e+00
2.042000e+02 6.683093e-19 6.683093e-19 0.000000e+00
2.052000e+02 6.328658e-19 6.328658e-19 0.000000e+00
2.062000e+02 5.983943e-19 5.983943e-19 0.000000e+00
2.072000e+02 5.642040e-19 5.642040e-19 0.000000e+00
2.082000e+02 5.303710e-19 5.303710e-19 0.000000e+00
2.092000e+02 5.236587e-19 5.236587e-19 0.000000e+00
2.102000e+02 5.238859e-19 5.238859e-19 0.000000e+00
2.112000e+02 5.241109e-19 5.241109e-19 0.000000e+00
2.122000e+02 5.243333e-19 5.243333e-19 0.000000e+00
2.132000e+02 5.245539e-19 5.245539e-19 0.000000e+00
2.142000e+02 5.222711e-19 5.222711e-19 0.000000e+00
2.152000e+02 4.906706e-19 4.906706e-19 0.000000e+00
2.162000e+02 4.945323e-19 4.945323e-19 0.000000e+00
2.172000e+02 5.239953e-19 5.239953e-19 0.000000e+00
2.182000e+02 4.623729e-19 4.623729e-19 0.000000e+00
2.192000e+02 4.292686e-19 4.292686e-19 0.000000e+00
2.202000e+02 4.294756e-19 4.294756e-19 0.000000e+00
2.212000e+02 4.296795e-19 4.296795e-19 0.000000e+00
2.222000e+02 4.298823e-19 4.298823e-19 0.000000e+00
2.232000e+02 4.300838e-19 4.300838e-19 0.000000e+00
2.242000e+02 2.203524e-19 2.203524e-19 0.000000e+00
2.252000e+02 0.000000e+00 0.000000e+00 0.000000e+00
2.262000e+02 0.000000e+00 0.000000e+00 0.000000e+00
2.272000e+02 0.000000e+00 0.000000e+00 0.000000e+00
2.282000e+02 0.000000e+00 0.000000e+00 0.000000e+00
2.292000e+02 0.000000e+00 0.000000e+00 0.000000e+00
2.302000e+02 0.000000e+00 0.000000e+00 0.000000e+00
2.312000e+02 0.000000e+00 0.000000e+00 0.000000e+00
2.322000e+02 0.000000e+00 0.000000e+00 0.000000e+00
2.332000e+02 0.000000e+00 0.000000e+00 0.000000e+00
2.342000e+02 0.000000e+00 0.000000e+00 0.000000e+00
2.352000e+02 0.000000e+00 0.000000e+00 0.000000e+00
2.362000e+02 0.000000e+00 0.000000e+00 0.000000e+00
2.372000e+02 0.000000e+00 0.000000e+00 0.000000e+00
2.382000e+02 0.000000e+00 0.000000e+00 0.000000e+00
2.392000e+02 0.000000e+00 0.000000e+00 0.000000e+00
2.402000e+02 0.000000e+00 0.000000e+00 0.000000e+00
2.412000e+02 0.000000e+00 0.000000e+00 0.000000e+00
2.422000e+02 0.000000e+00 0.000000e+00 0.000000e+00
2.432000e+02 0.000000e+00 0.000000e+00 0.000000e+00
2.442000e+02 0.000000e+00 0.000000e+00 0.000000e+00
2.452000e+02 0.000000e+00 0.000000e+00 0.000000e+00
2.462000e+02 0.000000e+00 0.000000e+00 0.000000e+00
2.472000e+02 0.000000e+00 0.000000e+00 0.000000e+00
2.482000e+02 0.000000e+00 0.000000e+00 0.000000e+00
2.492000e+02 0.000000e+00 0.000000e+00 0.000000e+00
2.502000e+02 0.000000e+00 0.000000e+00 0.000000e+00
2.512000e+02 0.000000e+00 0.000000e+00 0.000000e+00
2.522000e+02 0.000000e+00 0.000000e+00 0.000000e+00
2.532000e+02 0.000000e+00 0.000000e+00 0.000000e+00
2.542000e+02 0.000000e+00 0.000000e+00 0.000000e+00
2.552000e+02 0.000000e+00 0.000000e+00 0.000000e+00
2.562000e+02 0.000000e+00 0.000000e+00 0.000000e+00
2.572000e+02 0.000000e+00 0.000000e+00 0.000000e+00
2.582000e+02 0.000000e+00 0.000000e+00 0.000000e+00
2.592000e+02 0.000000e+00 0.000000e+00 0.000000e+00
2.602000e+02 0.000000e+00 0.000000e+00 0.000000e+00
2.612000e+02 0.000000e+00 0.000000e+00 0.000000e+00
2.622000e+02 0.000000e+00 0.000000e+00 0.000000e+00
2.632000e+02 0.000000e+00 0.000000e+00 0.000000e+00
2.642000e+02 0.000000e+00 0.000000e+00 0.000000e+00
2.652000e+02 0.000000e+00 0.000000e+00 0.000000e+00
2.662000e+02 0.000000e+00 0.000000e+00 0.000000e+00
2.672000e+02 0.000000e+00 0.000000e+00 0.000000e+00
2.682000e+02 0.000000e+00 0.000000e+00 0.000000e+00
2.692000e+02 0.000000e+00 0.000000e+00 0.000000e+00
2.702000e+02 0.000000e+00 0.000000e+00 0.000000e+00
2.712000e+02 0.000000e+00 0.000000e+00 0.000000e+00
2.722000e+02 0.000000e+00 0.000000e+00 0.000000e+00
2.732000e+02 0.000000e+00 0.000000e+00 0.000000e+00
2.742000e+02 0.000000e+00 0.000000e+00 0.000000e+00
2.752000e+02 0.000000e+00 0.000000e+00 0.000000e+00
2.762000e+02 0.000000e+00 0.000000e+00 0.000000e+00
2.772000e+02 0.000000e+00 0.000000e+00 0.000000e+00
2.782000e+02 0.000000e+00 0.000000e+00 0.000000e+00
2.792000e+02 0.000000e+00 0.000000e+00 0.000000e+00
2.802000e+02 0.000000e+00 0.000000e+00 0.000000e+00
2.812000e+02 0.000000e+00 0.000000e+00 0.000000e+00
2.822000e+02 0.000000e+00 0.000000e+00 0.000000e+00
2.832000e+02 0.000000e+00 0.000000e+00 0.000000e+00
2.842000e+02 0.000000e+00 0.000000e+00 0.000000e+00
2.852000e+02 0.000000e+00 0.000000e+00 0.000000e+00
2.862000e+02 0.000000e+00 0.000000e+00 0.000000e+00
2.872000e+02 0.000000e+00 0.000000e+00 0.000000e+00
2.882000e+02 0.000000e+00 0.000000e+00 0.000000e+00
2.892000e+02 0.000000e+00 0.000000e+00 0.000000e+00
2.902000e+02 0.000000e+00 0.000000e+00 0.000000e+00
2.912000e+02 0.000000e+00 0.000000e+00 0.000000e+00
2.922000e+02 0.000000e+00 0.000000e+00 0.000000e+00
2.932000e+02 0.000000e+00 0.000000e+00 0.000000e+00
2.942000e+02 0.000000e+00 0.000000e+00 0.000000e+00
2.952000e+02 0.000000e+00 0.000000e+00 0.000000e+00
2.962000e+02 0.000000e+00 0.000000e+00 0.000000e+00
2.972000e+02 0.000000e+00 0.000000e+00 0.000000e+00
2.982000e+02 0.000000e+00 0.000000e+00 0.000000e+00
2.992000e+02 0.000000e+00 0.000000e+00 0.000000e+00
3.002000e+02 0.000000e+00 0.000000e+00 0.000000e+00
3.012000e+02 0.000000e+00 0.000000e+00 0.000000e+00
3.022000e+02 0.000000e+00 0.000000e+00 0.000000e+00
3.032000e+02 0.000000e+00 0.000000e+00 0.000000e+00
3.042000e+02 0.000000e+00 0.000000e+00 0.000000e+00
3.052000e+02 0.000000e+00 0.000000e+00 0.000000e+00
3.062000e+02 0.000000e+00 0.000000e+00 0.000000e+00
3.072000e+02 0.000000e+00 0.000000e+00 0.000000e+00
3.082000e+02 0.000000e+00 0.000000e+00 0.000000e+00
3.092000e+02 0.000000e+00 0.000000e+00 0.000000e+00
3.102000e+02 0.000000e+00 0.000000e+00 0.000000e+00
3.112000e+02 0.000000e+00 0.000000e+00 0.000000e+00
3.122000e+02 0.000000e+00 0.000000e+00 0.000000e+00
3.132000e+02 0.000000e+00 0.000000e+00 0.000000e+00
3.142000e+02 0.000000e+00 0.000000e+00 0.000000e+00
3.152000e+02 0.000000e+00 0.000000e+00 0.000000e+00
3.162000e+02 0.000000e+00 0.000000e+00 0.000000e+00
3.172000e+02 0.000000e+00 0.000000e+00 0.000000e+00
3.182000e+02 0.000000e+00 0.000000e+00 0.000000e+00
3.192000e+02 0.000000e+00 0.000000e+00 0.000000e+00
3.202000e+02 0.000000e+00 0.000000e+00 0.000000e+00
3.212000e+02 0.000000e+00 0.000000e+00 0.000000e+00
3.222000e+02 0.000000e+00 0.000000e+00 0.000000e+00
3.232000e+02 0.000000e+00 0.000000e+00 0.000000e+00
3.242000e+02 0.000000e+00 0.000000e+00 0.000000e+00
3.252000e+02 0.000000e+00 0.000000e+00 0.000000e+00
3.262000e+02 0.000000e+00 0.000000e+00 0.000000e+00
3.272000e+02 0.000000e+00 0.000000e+00 0.000000e+00
3.282000e+02 0.000000e+00 0.000000e+00 0.000000e+00
3.292000e+02 0.000000e+00 0.000000e+00 0.000000e+00
3.302000e+02 0.000000e+00 0.000000e+00 0.000000e+00
3.312000e+02 0.000000e+00 0.000000e+00 0.000000e+00
3.322000e+02 0.000000e+00 0.000000e+00 0.000000e+00
3.332000e+02 0.000000e+00 0.000000e+00 0.000000e+00
3.342000e+02 0.000000e+00 0.000000e+00 0.000000e+00
3.352000e+02 0.000000e+00 0.000000e+00 0.000000e+00
3.362000e+02 0.000000e+00 0.000000e+00 0.000000e+00
3.372000e+02 0.000000e+00 0.000000e+00 0.000000e+00
3.382000e+02 0.000000e+00 0.000000e+00 0.000000e+00
3.392000e+02 0.000000e+00 0.000000e+00 0.000000e+00
3.402000e+02 0.000000e+00 0.000000e+00 0.000000e+00
3.412000e+02 0.000000e+00 0.000000e+00 0.000000e+00
3.422000e+02 0.000000e+00 0.000000e+00 0.000000e+00
3.432000e+02 0.000000e+00 0.000000e+00 0.000000e+00
3.442000e+02 0.000000e+00 0.000000e+00 0.000000e+00
3.452000e+02 0.000000e+00 0.000000e+00 0.000000e+00
3.462000e+02 0.000000e+00 0.000000e+00 0.000000e+00
3.472000e+02 0.000000e+00 0.000000e+00 0.000000e+00
3.482000e+02 0.000000e+00 0.000000e+00 0.000000e+00
3.492000e+02 0.000000e+00 0.000000e+00 0.000000e+00
3.502000e+02 0.000000e+00 0.000000e+00 0.000000e+00
3.512000e+02 0.000000e+00 0.000000e+00 0.000000e+00
3.522000e+02 0.000000e+00 0.000000e+00 0.000000e+00
3.532000e+02 0.000000e+00 0.000000e+00 0.000000e+00
3.542000e+02 0.000000e+00 0.000000e+00 0.000000e+00
3.552000e+02 0.000000e+00 0.000000e+00 0.000000e+00
3.562000e+02 0.000000e+00 0.000000e+00 0.000000e+00
3.572000e+02 0.000000e+00 0.000000e+00 0.000000e+00
3.582000e+02 0.000000e+00 0.000000e+00 0.000000e+00
3.592000e+02 0.000000e+00 0.000000e+00 0.000000e+00
3.602000e+02 0.000000e+00 0.000000e+00 0.000000e+00
3.612000e+02 0.000000e+00 0.000000e+00 0.000000e+00
3.622000e+02 0.000000e+00 0.000000e+00 0.000000e+00
3.632000e+02 0.000000e+00 0.000000e+00 0.000000e+00
3.642000e+02 0.000000e+00 0.000000e+00 0.000000e+00
3.652000e+02 0.000000e+00 0.000000e+00 0.000000e+00
3.662000e+02 0.000000e+00 0.000000e+00 0.000000e+00
3.672000e+02 0.000000e+00 0.000000e+00 0.000000e+00
3.682000e+02 0.000000e+00 0.000000e+00 0.000000e+00
3.692000e+02 0.000000e+00 0.000000e+00 0.000000e+00
3.702000e+02 0.000000e+00 0.000000e+00 0.000000e+00
3.712000e+02 0.000000e+00 0.000000e+00 0.000000e+00
3.722000e+02 0.000000e+00 0.000000e+00 0.000000e+00
3.732000e+02 0.000000e+00 0.000000e+00 0.000000e+00
3.742000e+02 0.000000e+00 0.000000e+00 0.000000e+00
3.752000e+02 0.000000e+00 0.000000e+00 0.000000e+00
3.762000e+02 0.000000e+00 0.000000e+00 0.000000e+00
3.772000e+02 0.000000e+00 0.000000e+00 0.000000e+00
3.782000e+02 0.000000e+00 0.000000e+00 0.000000e+00
3.792000e+02 0.000000e+00 0.000000e+00 0.000000e+00
3.802000e+02 0.000000e+00 0.000000e+00 0.000000e+00
3.812000e+02 0.000000e+00 0.000000e+00 0.000000e+00
3.822000e+02 0.000000e+00 0.000000e+00 0.000000e+00
3.832000e+02 0.000000e+00 0.000000e+00 0.000000e+00
3.842000e+02 0.000000e+00 0.000000e+00 0.000000e+00
3.852000e+02 0.000000e+00 0.000000e+00 0.000000e+00
3.862000e+02 0.000000e+00 0.000000e+00 0.000000e+00
3.872000e+02 0.000000e+00 0.000000e+00 0.000000e+00
3.882000e+02 0.000000e+00 0.000000e+00 0.000000e+00
3.892000e+02 0.000000e+00 0.000000e+00 0.000000e+00
3.902000e+02 0.000000e+00 0.000000e+00 0.000000e+00
3.912000e+02 0.000000e+00 0.000000e+00 0.000000e+00
3.922000e+02 0.000000e+00 0.000000e+00 0.000000e+00
3.932000e+02 0.000000e+00 0.000000e+00 0.000000e+00
3.942000e+02 0.000000e+00 0.000000e+00 0.000000e+00
3.952000e+02 0.000000e+00 0.000000e+00 0.000000e+00
3.962000e+02 0.000000e+00 0.000000e+00 0.000000e+00
3.972000e+02 0.000000e+00 0.000000e+00 0.000000e+00
3.982000e+02 0.000000e+00 0.000000e+00 0.000000e+00
3.992000e+02 0.000000e+00 0.000000e+00 0.000000e+00
