# NH3 cross sections
# #photoabsorption   -- Photoabsorption cross section (cm2)
# #photodissociation -- Photodissociation cross section (cm2)
# #photoionisation   -- Photoionisation cross section (cm2)
# #This version has been resampled to a uniform 0.1nm grid while maintaining a constant integrated cross section (using trapezoidal integration).
# #wavelength photoabsorption photodissociation photoionisation
9.120000e+01 1.924000e-17 9.960000e-18 9.280000e-18
9.220000e+01 1.752000e-17 8.800000e-18 8.720000e-18
9.320000e+01 1.626000e-17 7.900000e-18 8.360000e-18
9.420000e+01 1.580000e-17 7.520000e-18 8.280000e-18
9.520000e+01 1.636000e-17 7.720000e-18 8.640000e-18
9.620000e+01 1.718000e-17 8.340000e-18 8.840000e-18
9.720000e+01 1.812000e-17 9.160000e-18 8.960000e-18
9.820000e+01 1.920000e-17 1.046000e-17 8.740000e-18
9.920000e+01 2.018000e-17 1.170000e-17 8.480000e-18
1.002000e+02 2.106000e-17 1.270000e-17 8.360000e-18
1.012000e+02 2.182000e-17 1.362000e-17 8.200000e-18
1.022000e+02 2.244000e-17 1.424000e-17 8.200000e-18
1.032000e+02 2.328000e-17 1.504000e-17 8.240000e-18
1.042000e+02 2.432000e-17 1.600000e-17 8.320000e-18
1.052000e+02 2.420000e-17 1.616000e-17 8.040000e-18
1.062000e+02 2.548676e-17 1.450004e-17 1.098672e-17
1.072000e+02 2.574159e-17 1.502137e-17 1.072021e-17
1.082000e+02 2.533588e-17 1.469679e-17 1.063908e-17
1.092000e+02 2.423213e-17 1.418770e-17 1.004443e-17
1.102000e+02 2.448317e-17 1.526807e-17 9.215096e-18
1.112000e+02 2.402461e-17 1.522991e-17 8.794705e-18
1.122000e+02 2.301818e-17 1.499749e-17 8.020690e-18
1.132000e+02 2.088430e-17 1.384609e-17 7.038212e-18
1.142000e+02 1.885003e-17 1.271973e-17 6.130300e-18
1.152000e+02 2.020399e-17 1.504446e-17 5.159534e-18
1.162000e+02 1.586516e-17 1.157314e-17 4.292025e-18
1.172000e+02 1.398549e-17 1.108028e-17 2.905210e-18
1.182000e+02 1.571832e-17 1.378313e-17 1.935186e-18
1.192000e+02 1.664726e-17 1.527759e-17 1.369668e-18
1.202000e+02 1.373898e-17 1.294947e-17 7.895123e-19
1.212000e+02 1.164193e-17 1.128491e-17 3.570160e-19
1.222000e+02 1.808399e-17 1.803165e-17 5.234377e-20
1.232000e+02 8.438643e-18 8.429832e-18 8.810716e-21
1.242000e+02 9.968949e-18 9.968949e-18 0.000000e+00
1.252000e+02 8.345832e-18 8.345832e-18 0.000000e+00
1.262000e+02 3.625023e-18 3.625023e-18 0.000000e+00
1.272000e+02 2.030033e-17 2.030033e-17 0.000000e+00
1.282000e+02 1.574108e-17 1.574108e-17 0.000000e+00
1.292000e+02 5.597576e-18 5.597576e-18 0.000000e+00
1.302000e+02 1.236414e-17 1.236414e-17 0.000000e+00
1.312000e+02 4.422921e-18 4.422921e-18 0.000000e+00
1.322000e+02 8.890898e-18 8.890898e-18 0.000000e+00
1.332000e+02 3.796924e-18 3.796924e-18 0.000000e+00
1.342000e+02 3.172123e-17 3.172123e-17 0.000000e+00
1.352000e+02 4.614909e-18 4.614909e-18 0.000000e+00
1.362000e+02 2.519165e-17 2.519165e-17 0.000000e+00
1.372000e+02 6.995596e-18 6.995596e-18 0.000000e+00
1.382000e+02 9.320212e-18 9.320212e-18 0.000000e+00
1.392000e+02 8.430046e-18 8.430046e-18 0.000000e+00
1.402000e+02 4.560602e-18 4.560602e-18 0.000000e+00
1.412000e+02 3.913194e-18 3.913194e-18 0.000000e+00
1.422000e+02 2.617526e-18 2.617526e-18 0.000000e+00
1.432000e+02 1.626156e-18 1.626156e-18 0.000000e+00
1.442000e+02 1.499807e-18 1.499807e-18 0.000000e+00
1.452000e+02 1.233780e-18 1.233780e-18 0.000000e+00
1.462000e+02 1.083212e-18 1.083212e-18 0.000000e+00
1.472000e+02 2.537521e-18 2.537521e-18 0.000000e+00
1.482000e+02 9.006960e-19 9.006960e-19 0.000000e+00
1.492000e+02 4.511540e-18 4.511540e-18 0.000000e+00
1.502000e+02 8.051270e-19 8.051270e-19 0.000000e+00
1.512000e+02 1.040790e-19 1.040790e-19 0.000000e+00
1.522000e+02 4.147620e-19 4.147620e-19 0.000000e+00
1.532000e+02 1.557420e-19 1.557420e-19 0.000000e+00
1.542000e+02 2.925255e-18 2.925255e-18 0.000000e+00
1.552000e+02 2.351560e-19 2.351560e-19 0.000000e+00
1.562000e+02 6.592290e-19 6.592290e-19 0.000000e+00
1.572000e+02 3.491810e-19 3.491810e-19 0.000000e+00
1.582000e+02 8.430600e-20 8.430600e-20 0.000000e+00
1.592000e+02 1.571655e-18 1.571655e-18 0.000000e+00
1.602000e+02 2.195660e-19 2.195660e-19 0.000000e+00
1.612000e+02 1.729259e-18 1.729259e-18 0.000000e+00
1.622000e+02 4.041430e-19 4.041430e-19 0.000000e+00
1.632000e+02 5.188810e-19 5.188810e-19 0.000000e+00
1.642000e+02 1.015673e-18 1.015673e-18 0.000000e+00
1.652000e+02 4.991090e-19 4.991090e-19 0.000000e+00
1.662000e+02 1.324894e-18 1.324894e-18 0.000000e+00
1.672000e+02 7.275270e-19 7.275270e-19 0.000000e+00
1.682000e+02 9.612450e-19 9.612450e-19 0.000000e+00
1.692000e+02 1.904893e-18 1.904893e-18 0.000000e+00
1.702000e+02 1.074815e-18 1.074815e-18 0.000000e+00
1.712000e+02 1.830017e-18 1.830017e-18 0.000000e+00
1.722000e+02 2.828831e-18 2.828831e-18 0.000000e+00
1.732000e+02 1.601789e-18 1.601789e-18 0.000000e+00
1.742000e+02 3.153800e-18 3.153800e-18 0.000000e+00
1.752000e+02 4.093672e-18 4.093672e-18 0.000000e+00
1.762000e+02 2.287689e-18 2.287689e-18 0.000000e+00
1.772000e+02 4.836733e-18 4.836733e-18 0.000000e+00
1.782000e+02 5.974957e-18 5.974957e-18 0.000000e+00
1.792000e+02 2.904808e-18 2.904808e-18 0.000000e+00
1.802000e+02 6.160841e-18 6.160841e-18 0.000000e+00
1.812000e+02 9.217230e-18 9.217230e-18 0.000000e+00
1.822000e+02 3.840875e-18 3.840875e-18 0.000000e+00
1.832000e+02 6.759243e-18 6.759243e-18 0.000000e+00
1.842000e+02 1.331649e-17 1.331649e-17 0.000000e+00
1.852000e+02 4.990393e-18 4.990393e-18 0.000000e+00
1.862000e+02 5.901360e-18 5.901360e-18 0.000000e+00
1.872000e+02 1.739849e-17 1.739849e-17 0.000000e+00
1.882000e+02 7.029053e-18 7.029053e-18 0.000000e+00
1.892000e+02 4.659820e-18 4.659820e-18 0.000000e+00
1.902000e+02 1.560574e-17 1.560574e-17 0.000000e+00
1.912000e+02 1.223547e-17 1.223547e-17 0.000000e+00
1.922000e+02 4.433589e-18 4.433589e-18 0.000000e+00
1.932000e+02 7.691370e-18 7.691370e-18 0.000000e+00
1.942000e+02 1.997861e-17 1.997861e-17 0.000000e+00
1.952000e+02 5.932317e-18 5.932317e-18 0.000000e+00
1.962000e+02 3.802395e-18 3.802395e-18 0.000000e+00
1.972000e+02 1.717589e-17 1.717589e-17 0.000000e+00
1.982000e+02 1.064806e-17 1.064806e-17 0.000000e+00
1.992000e+02 2.721640e-18 2.721640e-18 0.000000e+00
2.002000e+02 3.160758e-18 3.160758e-18 0.000000e+00
2.012000e+02 1.816339e-17 1.816339e-17 0.000000e+00
2.022000e+02 4.432735e-18 4.432735e-18 0.000000e+00
2.032000e+02 1.506160e-18 1.506160e-18 0.000000e+00
2.042000e+02 3.138917e-18 3.138917e-18 0.000000e+00
2.052000e+02 1.055011e-17 1.055011e-17 0.000000e+00
2.062000e+02 1.700397e-18 1.700397e-18 0.000000e+00
2.072000e+02 6.619740e-19 6.619740e-19 0.000000e+00
2.082000e+02 3.057552e-18 3.057552e-18 0.000000e+00
2.092000e+02 5.173983e-18 5.173983e-18 0.000000e+00
2.102000e+02 4.677100e-19 4.677100e-19 0.000000e+00
2.112000e+02 2.199510e-19 2.199510e-19 0.000000e+00
2.122000e+02 2.479877e-18 2.479877e-18 0.000000e+00
2.132000e+02 2.090053e-18 2.090053e-18 0.000000e+00
2.142000e+02 1.446100e-19 1.446100e-19 0.000000e+00
2.152000e+02 8.045400e-20 8.045400e-20 0.000000e+00
2.162000e+02 6.890820e-19 6.890820e-19 0.000000e+00
2.172000e+02 7.491620e-19 7.491620e-19 0.000000e+00
2.182000e+02 5.733600e-20 5.733600e-20 0.000000e+00
2.192000e+02 1.259100e-20 1.259100e-20 0.000000e+00
2.202000e+02 2.550100e-20 2.550100e-20 0.000000e+00
2.212000e+02 1.348300e-19 1.348300e-19 0.000000e+00
2.222000e+02 2.313100e-20 2.313100e-20 0.000000e+00
2.232000e+02 3.509000e-21 3.509000e-21 0.000000e+00
2.242000e+02 1.126900e-20 1.126900e-20 0.000000e+00
2.252000e+02 6.311000e-21 6.311000e-21 0.000000e+00
2.262000e+02 6.996750e-22 6.996750e-22 0.000000e+00
2.272000e+02 0.000000e+00 0.000000e+00 0.000000e+00
2.282000e+02 0.000000e+00 0.000000e+00 0.000000e+00
2.292000e+02 0.000000e+00 0.000000e+00 0.000000e+00
2.302000e+02 0.000000e+00 0.000000e+00 0.000000e+00
2.312000e+02 0.000000e+00 0.000000e+00 0.000000e+00
2.322000e+02 0.000000e+00 0.000000e+00 0.000000e+00
2.332000e+02 0.000000e+00 0.000000e+00 0.000000e+00
2.342000e+02 0.000000e+00 0.000000e+00 0.000000e+00
2.352000e+02 0.000000e+00 0.000000e+00 0.000000e+00
2.362000e+02 0.000000e+00 0.000000e+00 0.000000e+00
2.372000e+02 0.000000e+00 0.000000e+00 0.000000e+00
2.382000e+02 0.000000e+00 0.000000e+00 0.000000e+00
2.392000e+02 0.000000e+00 0.000000e+00 0.000000e+00
2.402000e+02 0.000000e+00 0.000000e+00 0.000000e+00
2.412000e+02 0.000000e+00 0.000000e+00 0.000000e+00
2.422000e+02 0.000000e+00 0.000000e+00 0.000000e+00
2.432000e+02 0.000000e+00 0.000000e+00 0.000000e+00
2.442000e+02 0.000000e+00 0.000000e+00 0.000000e+00
2.452000e+02 0.000000e+00 0.000000e+00 0.000000e+00
2.462000e+02 0.000000e+00 0.000000e+00 0.000000e+00
2.472000e+02 0.000000e+00 0.000000e+00 0.000000e+00
2.482000e+02 0.000000e+00 0.000000e+00 0.000000e+00
2.492000e+02 0.000000e+00 0.000000e+00 0.000000e+00
2.502000e+02 0.000000e+00 0.000000e+00 0.000000e+00
2.512000e+02 0.000000e+00 0.000000e+00 0.000000e+00
2.522000e+02 0.000000e+00 0.000000e+00 0.000000e+00
2.532000e+02 0.000000e+00 0.000000e+00 0.000000e+00
2.542000e+02 0.000000e+00 0.000000e+00 0.000000e+00
2.552000e+02 0.000000e+00 0.000000e+00 0.000000e+00
2.562000e+02 0.000000e+00 0.000000e+00 0.000000e+00
2.572000e+02 0.000000e+00 0.000000e+00 0.000000e+00
2.582000e+02 0.000000e+00 0.000000e+00 0.000000e+00
2.592000e+02 0.000000e+00 0.000000e+00 0.000000e+00
2.602000e+02 0.000000e+00 0.000000e+00 0.000000e+00
2.612000e+02 0.000000e+00 0.000000e+00 0.000000e+00
2.622000e+02 0.000000e+00 0.000000e+00 0.000000e+00
2.632000e+02 0.000000e+00 0.000000e+00 0.000000e+00
2.642000e+02 0.000000e+00 0.000000e+00 0.000000e+00
2.652000e+02 0.000000e+00 0.000000e+00 0.000000e+00
2.662000e+02 0.000000e+00 0.000000e+00 0.000000e+00
2.672000e+02 0.000000e+00 0.000000e+00 0.000000e+00
2.682000e+02 0.000000e+00 0.000000e+00 0.000000e+00
2.692000e+02 0.000000e+00 0.000000e+00 0.000000e+00
2.702000e+02 0.000000e+00 0.000000e+00 0.000000e+00
2.712000e+02 0.000000e+00 0.000000e+00 0.000000e+00
2.722000e+02 0.000000e+00 0.000000e+00 0.000000e+00
2.732000e+02 0.000000e+00 0.000000e+00 0.000000e+00
2.742000e+02 0.000000e+00 0.000000e+00 0.000000e+00
2.752000e+02 0.000000e+00 0.000000e+00 0.000000e+00
2.762000e+02 0.000000e+00 0.000000e+00 0.000000e+00
2.772000e+02 0.000000e+00 0.000000e+00 0.000000e+00
2.782000e+02 0.000000e+00 0.000000e+00 0.000000e+00
2.792000e+02 0.000000e+00 0.000000e+00 0.000000e+00
2.802000e+02 0.000000e+00 0.000000e+00 0.000000e+00
2.812000e+02 0.000000e+00 0.000000e+00 0.000000e+00
2.822000e+02 0.000000e+00 0.000000e+00 0.000000e+00
2.832000e+02 0.000000e+00 0.000000e+00 0.000000e+00
2.842000e+02 0.000000e+00 0.000000e+00 0.000000e+00
2.852000e+02 0.000000e+00 0.000000e+00 0.000000e+00
2.862000e+02 0.000000e+00 0.000000e+00 0.000000e+00
2.872000e+02 0.000000e+00 0.000000e+00 0.000000e+00
2.882000e+02 0.000000e+00 0.000000e+00 0.000000e+00
2.892000e+02 0.000000e+00 0.000000e+00 0.000000e+00
2.902000e+02 0.000000e+00 0.000000e+00 0.000000e+00
2.912000e+02 0.000000e+00 0.000000e+00 0.000000e+00
2.922000e+02 0.000000e+00 0.000000e+00 0.000000e+00
2.932000e+02 0.000000e+00 0.000000e+00 0.000000e+00
2.942000e+02 0.000000e+00 0.000000e+00 0.000000e+00
2.952000e+02 0.000000e+00 0.000000e+00 0.000000e+00
2.962000e+02 0.000000e+00 0.000000e+00 0.000000e+00
2.972000e+02 0.000000e+00 0.000000e+00 0.000000e+00
2.982000e+02 0.000000e+00 0.000000e+00 0.000000e+00
2.992000e+02 0.000000e+00 0.000000e+00 0.000000e+00
3.002000e+02 0.000000e+00 0.000000e+00 0.000000e+00
3.012000e+02 0.000000e+00 0.000000e+00 0.000000e+00
3.022000e+02 0.000000e+00 0.000000e+00 0.000000e+00
3.032000e+02 0.000000e+00 0.000000e+00 0.000000e+00
3.042000e+02 0.000000e+00 0.000000e+00 0.000000e+00
3.052000e+02 0.000000e+00 0.000000e+00 0.000000e+00
3.062000e+02 0.000000e+00 0.000000e+00 0.000000e+00
3.072000e+02 0.000000e+00 0.000000e+00 0.000000e+00
3.082000e+02 0.000000e+00 0.000000e+00 0.000000e+00
3.092000e+02 0.000000e+00 0.000000e+00 0.000000e+00
3.102000e+02 0.000000e+00 0.000000e+00 0.000000e+00
3.112000e+02 0.000000e+00 0.000000e+00 0.000000e+00
3.122000e+02 0.000000e+00 0.000000e+00 0.000000e+00
3.132000e+02 0.000000e+00 0.000000e+00 0.000000e+00
3.142000e+02 0.000000e+00 0.000000e+00 0.000000e+00
3.152000e+02 0.000000e+00 0.000000e+00 0.000000e+00
3.162000e+02 0.000000e+00 0.000000e+00 0.000000e+00
3.172000e+02 0.000000e+00 0.000000e+00 0.000000e+00
3.182000e+02 0.000000e+00 0.000000e+00 0.000000e+00
3.192000e+02 0.000000e+00 0.000000e+00 0.000000e+00
3.202000e+02 0.000000e+00 0.000000e+00 0.000000e+00
3.212000e+02 0.000000e+00 0.000000e+00 0.000000e+00
3.222000e+02 0.000000e+00 0.000000e+00 0.000000e+00
3.232000e+02 0.000000e+00 0.000000e+00 0.000000e+00
3.242000e+02 0.000000e+00 0.000000e+00 0.000000e+00
3.252000e+02 0.000000e+00 0.000000e+00 0.000000e+00
3.262000e+02 0.000000e+00 0.000000e+00 0.000000e+00
3.272000e+02 0.000000e+00 0.000000e+00 0.000000e+00
3.282000e+02 0.000000e+00 0.000000e+00 0.000000e+00
3.292000e+02 0.000000e+00 0.000000e+00 0.000000e+00
3.302000e+02 0.000000e+00 0.000000e+00 0.000000e+00
3.312000e+02 0.000000e+00 0.000000e+00 0.000000e+00
3.322000e+02 0.000000e+00 0.000000e+00 0.000000e+00
3.332000e+02 0.000000e+00 0.000000e+00 0.000000e+00
3.342000e+02 0.000000e+00 0.000000e+00 0.000000e+00
3.352000e+02 0.000000e+00 0.000000e+00 0.000000e+00
3.362000e+02 0.000000e+00 0.000000e+00 0.000000e+00
3.372000e+02 0.000000e+00 0.000000e+00 0.000000e+00
3.382000e+02 0.000000e+00 0.000000e+00 0.000000e+00
3.392000e+02 0.000000e+00 0.000000e+00 0.000000e+00
3.402000e+02 0.000000e+00 0.000000e+00 0.000000e+00
3.412000e+02 0.000000e+00 0.000000e+00 0.000000e+00
3.422000e+02 0.000000e+00 0.000000e+00 0.000000e+00
3.432000e+02 0.000000e+00 0.000000e+00 0.000000e+00
3.442000e+02 0.000000e+00 0.000000e+00 0.000000e+00
3.452000e+02 0.000000e+00 0.000000e+00 0.000000e+00
3.462000e+02 0.000000e+00 0.000000e+00 0.000000e+00
3.472000e+02 0.000000e+00 0.000000e+00 0.000000e+00
3.482000e+02 0.000000e+00 0.000000e+00 0.000000e+00
3.492000e+02 0.000000e+00 0.000000e+00 0.000000e+00
3.502000e+02 0.000000e+00 0.000000e+00 0.000000e+00
3.512000e+02 0.000000e+00 0.000000e+00 0.000000e+00
3.522000e+02 0.000000e+00 0.000000e+00 0.000000e+00
3.532000e+02 0.000000e+00 0.000000e+00 0.000000e+00
3.542000e+02 0.000000e+00 0.000000e+00 0.000000e+00
3.552000e+02 0.000000e+00 0.000000e+00 0.000000e+00
3.562000e+02 0.000000e+00 0.000000e+00 0.000000e+00
3.572000e+02 0.000000e+00 0.000000e+00 0.000000e+00
3.582000e+02 0.000000e+00 0.000000e+00 0.000000e+00
3.592000e+02 0.000000e+00 0.000000e+00 0.000000e+00
3.602000e+02 0.000000e+00 0.000000e+00 0.000000e+00
3.612000e+02 0.000000e+00 0.000000e+00 0.000000e+00
3.622000e+02 0.000000e+00 0.000000e+00 0.000000e+00
3.632000e+02 0.000000e+00 0.000000e+00 0.000000e+00
3.642000e+02 0.000000e+00 0.000000e+00 0.000000e+00
3.652000e+02 0.000000e+00 0.000000e+00 0.000000e+00
3.662000e+02 0.000000e+00 0.000000e+00 0.000000e+00
3.672000e+02 0.000000e+00 0.000000e+00 0.000000e+00
3.682000e+02 0.000000e+00 0.000000e+00 0.000000e+00
3.692000e+02 0.000000e+00 0.000000e+00 0.000000e+00
3.702000e+02 0.000000e+00 0.000000e+00 0.000000e+00
3.712000e+02 0.000000e+00 0.000000e+00 0.000000e+00
3.722000e+02 0.000000e+00 0.000000e+00 0.000000e+00
3.732000e+02 0.000000e+00 0.000000e+00 0.000000e+00
3.742000e+02 0.000000e+00 0.000000e+00 0.000000e+00
3.752000e+02 0.000000e+00 0.000000e+00 0.000000e+00
3.762000e+02 0.000000e+00 0.000000e+00 0.000000e+00
3.772000e+02 0.000000e+00 0.000000e+00 0.000000e+00
3.782000e+02 0.000000e+00 0.000000e+00 0.000000e+00
3.792000e+02 0.000000e+00 0.000000e+00 0.000000e+00
3.802000e+02 0.000000e+00 0.000000e+00 0.000000e+00
3.812000e+02 0.000000e+00 0.000000e+00 0.000000e+00
3.822000e+02 0.000000e+00 0.000000e+00 0.000000e+00
3.832000e+02 0.000000e+00 0.000000e+00 0.000000e+00
3.842000e+02 0.000000e+00 0.000000e+00 0.000000e+00
3.852000e+02 0.000000e+00 0.000000e+00 0.000000e+00
3.862000e+02 0.000000e+00 0.000000e+00 0.000000e+00
3.872000e+02 0.000000e+00 0.000000e+00 0.000000e+00
3.882000e+02 0.000000e+00 0.000000e+00 0.000000e+00
3.892000e+02 0.000000e+00 0.000000e+00 0.000000e+00
3.902000e+02 0.000000e+00 0.000000e+00 0.000000e+00
3.912000e+02 0.000000e+00 0.000000e+00 0.000000e+00
3.922000e+02 0.000000e+00 0.000000e+00 0.000000e+00
3.932000e+02 0.000000e+00 0.000000e+00 0.000000e+00
3.942000e+02 0.000000e+00 0.000000e+00 0.000000e+00
3.952000e+02 0.000000e+00 0.000000e+00 0.000000e+00
3.962000e+02 0.000000e+00 0.000000e+00 0.000000e+00
3.972000e+02 0.000000e+00 0.000000e+00 0.000000e+00
3.982000e+02 0.000000e+00 0.000000e+00 0.000000e+00
3.992000e+02 0.000000e+00 0.000000e+00 0.000000e+00
