# O3 cross sections
# #photoabsorption   -- Photoabsorption cross section (cm2)
# #photodissociation -- Photodissociation cross section (cm2)
# #photoionisation   -- Photoionisation cross section (cm2)
# #This version has been resampled to a uniform 0.1nm grid while maintaining a constant integrated cross section (using trapezoidal integration).
# #wavelength photoabsorption photodissociation photoionisation
9.120000e+01 1.234152e-17 0.000000e+00 1.234152e-17
9.220000e+01 1.190459e-17 0.000000e+00 1.190459e-17
9.320000e+01 1.109559e-17 7.330265e-20 1.102229e-17
9.420000e+01 1.131449e-17 6.607092e-19 1.065378e-17
9.520000e+01 1.110437e-17 7.582715e-19 1.034610e-17
9.620000e+01 1.055281e-17 1.987008e-18 8.565805e-18
9.720000e+01 1.000125e-17 6.378323e-18 3.622927e-18
9.820000e+01 9.247600e-18 9.247600e-18 0.000000e+00
9.920000e+01 8.489200e-18 8.489200e-18 0.000000e+00
1.002000e+02 9.226000e-18 9.226000e-18 0.000000e+00
1.012000e+02 9.226000e-18 9.226000e-18 0.000000e+00
1.022000e+02 9.226000e-18 9.226000e-18 0.000000e+00
1.032000e+02 9.226000e-18 9.226000e-18 0.000000e+00
1.042000e+02 9.226000e-18 9.226000e-18 0.000000e+00
1.052000e+02 9.226000e-18 9.226000e-18 0.000000e+00
1.062000e+02 9.226000e-18 9.226000e-18 0.000000e+00
1.072000e+02 9.226000e-18 9.226000e-18 0.000000e+00
1.082000e+02 9.226000e-18 9.226000e-18 0.000000e+00
1.092000e+02 9.396154e-18 9.396154e-18 0.000000e+00
1.102000e+02 9.639231e-18 9.639231e-18 0.000000e+00
1.112000e+02 1.120000e-17 1.120000e-17 0.000000e+00
1.122000e+02 1.390000e-17 1.390000e-17 0.000000e+00
1.132000e+02 1.202308e-17 1.202308e-17 0.000000e+00
1.142000e+02 8.885714e-18 8.885714e-18 0.000000e+00
1.152000e+02 5.460377e-18 5.460377e-18 0.000000e+00
1.162000e+02 5.500000e-18 5.500000e-18 0.000000e+00
1.172000e+02 8.200000e-18 8.200000e-18 0.000000e+00
1.182000e+02 8.442105e-18 8.442105e-18 0.000000e+00
1.192000e+02 1.048596e-17 1.048596e-17 0.000000e+00
1.202000e+02 1.858000e-17 1.858000e-17 0.000000e+00
1.212000e+02 2.545085e-17 2.545085e-17 0.000000e+00
1.222000e+02 2.700833e-17 2.700833e-17 0.000000e+00
1.232000e+02 2.101351e-17 2.101351e-17 0.000000e+00
1.242000e+02 1.032698e-17 1.032698e-17 0.000000e+00
1.252000e+02 6.358730e-18 6.358730e-18 0.000000e+00
1.262000e+02 5.171429e-18 5.171429e-18 0.000000e+00
1.272000e+02 4.889831e-18 4.889831e-18 0.000000e+00
1.282000e+02 5.549462e-18 5.549462e-18 0.000000e+00
1.292000e+02 6.334328e-18 6.334328e-18 0.000000e+00
1.302000e+02 1.122708e-17 1.122708e-17 0.000000e+00
1.312000e+02 1.220000e-17 1.220000e-17 0.000000e+00
1.322000e+02 1.325714e-17 1.325714e-17 0.000000e+00
1.332000e+02 1.467209e-17 1.467209e-17 0.000000e+00
1.342000e+02 1.571111e-17 1.571111e-17 0.000000e+00
1.352000e+02 1.403288e-17 1.403288e-17 0.000000e+00
1.362000e+02 1.158674e-17 1.158674e-17 0.000000e+00
1.372000e+02 7.553591e-18 7.553591e-18 0.000000e+00
1.382000e+02 5.414118e-18 5.414118e-18 0.000000e+00
1.392000e+02 4.590588e-18 4.590588e-18 0.000000e+00
1.402000e+02 4.334572e-18 4.334572e-18 0.000000e+00
1.412000e+02 4.148699e-18 4.148699e-18 0.000000e+00
1.422000e+02 3.961538e-18 3.961538e-18 0.000000e+00
1.432000e+02 3.769231e-18 3.769231e-18 0.000000e+00
1.442000e+02 3.576923e-18 3.576923e-18 0.000000e+00
1.452000e+02 3.384615e-18 3.384615e-18 0.000000e+00
1.462000e+02 3.192308e-18 3.192308e-18 0.000000e+00
1.472000e+02 3.000000e-18 3.000000e-18 0.000000e+00
1.482000e+02 2.807692e-18 2.807692e-18 0.000000e+00
1.492000e+02 2.615385e-18 2.615385e-18 0.000000e+00
1.502000e+02 2.423077e-18 2.423077e-18 0.000000e+00
1.512000e+02 2.230769e-18 2.230769e-18 0.000000e+00
1.522000e+02 2.038462e-18 2.038462e-18 0.000000e+00
1.532000e+02 1.846154e-18 1.846154e-18 0.000000e+00
1.542000e+02 1.653846e-18 1.653846e-18 0.000000e+00
1.552000e+02 1.494118e-18 1.494118e-18 0.000000e+00
1.562000e+02 1.464706e-18 1.464706e-18 0.000000e+00
1.572000e+02 1.435294e-18 1.435294e-18 0.000000e+00
1.582000e+02 1.405882e-18 1.405882e-18 0.000000e+00
1.592000e+02 1.376471e-18 1.376471e-18 0.000000e+00
1.602000e+02 1.347059e-18 1.347059e-18 0.000000e+00
1.612000e+02 1.317647e-18 1.317647e-18 0.000000e+00
1.622000e+02 1.288235e-18 1.288235e-18 0.000000e+00
1.632000e+02 1.258824e-18 1.258824e-18 0.000000e+00
1.642000e+02 1.229412e-18 1.229412e-18 0.000000e+00
1.652000e+02 1.200000e-18 1.200000e-18 0.000000e+00
1.662000e+02 1.170588e-18 1.170588e-18 0.000000e+00
1.672000e+02 1.141176e-18 1.141176e-18 0.000000e+00
1.682000e+02 1.111765e-18 1.111765e-18 0.000000e+00
1.692000e+02 1.082353e-18 1.082353e-18 0.000000e+00
1.702000e+02 1.052941e-18 1.052941e-18 0.000000e+00
1.712000e+02 1.023529e-18 1.023529e-18 0.000000e+00
1.722000e+02 9.751304e-19 9.751304e-19 0.000000e+00
1.732000e+02 8.564333e-19 8.564333e-19 0.000000e+00
1.742000e+02 8.451000e-19 8.451000e-19 0.000000e+00
1.752000e+02 8.297097e-19 8.297097e-19 0.000000e+00
1.762000e+02 8.110000e-19 8.110000e-19 0.000000e+00
1.772000e+02 8.035000e-19 8.035000e-19 0.000000e+00
1.782000e+02 7.957500e-19 7.957500e-19 0.000000e+00
1.792000e+02 7.876250e-19 7.876250e-19 0.000000e+00
1.802000e+02 7.745000e-19 7.745000e-19 0.000000e+00
1.812000e+02 7.588788e-19 7.588788e-19 0.000000e+00
1.822000e+02 7.382727e-19 7.382727e-19 0.000000e+00
1.832000e+02 7.157353e-19 7.157353e-19 0.000000e+00
1.842000e+02 6.916176e-19 6.916176e-19 0.000000e+00
1.852000e+02 6.640000e-19 6.640000e-19 0.000000e+00
1.862000e+02 6.355429e-19 6.355429e-19 0.000000e+00
1.872000e+02 6.058286e-19 6.058286e-19 0.000000e+00
1.882000e+02 5.753333e-19 5.753333e-19 0.000000e+00
1.892000e+02 5.436667e-19 5.436667e-19 0.000000e+00
1.902000e+02 5.140000e-19 5.140000e-19 0.000000e+00
1.912000e+02 4.856667e-19 4.856667e-19 0.000000e+00
1.922000e+02 4.618378e-19 4.618378e-19 0.000000e+00
1.932000e+02 4.391351e-19 4.391351e-19 0.000000e+00
1.942000e+02 4.245000e-19 4.245000e-19 0.000000e+00
1.952000e+02 4.098947e-19 4.098947e-19 0.000000e+00
1.962000e+02 3.877895e-19 3.877895e-19 0.000000e+00
1.972000e+02 3.660000e-19 3.660000e-19 0.000000e+00
1.982000e+02 3.460000e-19 3.460000e-19 0.000000e+00
1.992000e+02 3.296000e-19 3.296000e-19 0.000000e+00
2.002000e+02 3.276000e-19 3.276000e-19 0.000000e+00
2.012000e+02 3.260000e-19 3.260000e-19 0.000000e+00
2.022000e+02 3.260000e-19 3.260000e-19 0.000000e+00
2.032000e+02 3.277857e-19 3.277857e-19 0.000000e+00
2.042000e+02 3.396905e-19 3.396905e-19 0.000000e+00
2.052000e+02 3.524286e-19 3.524286e-19 0.000000e+00
2.062000e+02 3.810000e-19 3.810000e-19 0.000000e+00
2.072000e+02 4.095714e-19 4.095714e-19 0.000000e+00
2.082000e+02 4.426667e-19 4.426667e-19 0.000000e+00
2.092000e+02 4.760000e-19 4.760000e-19 0.000000e+00
2.102000e+02 5.328326e-19 5.328326e-19 0.000000e+00
2.112000e+02 5.970860e-19 5.970860e-19 0.000000e+00
2.122000e+02 7.013491e-19 7.013491e-19 0.000000e+00
2.132000e+02 8.383473e-19 8.383473e-19 0.000000e+00
2.142000e+02 9.128686e-19 9.128686e-19 0.000000e+00
2.152000e+02 1.037389e-18 1.037389e-18 0.000000e+00
2.162000e+02 1.166586e-18 1.166586e-18 0.000000e+00
2.172000e+02 1.323640e-18 1.323640e-18 0.000000e+00
2.182000e+02 1.473642e-18 1.473642e-18 0.000000e+00
2.192000e+02 1.650784e-18 1.650784e-18 0.000000e+00
2.202000e+02 1.830440e-18 1.830440e-18 0.000000e+00
2.212000e+02 2.032781e-18 2.032781e-18 0.000000e+00
2.222000e+02 2.255383e-18 2.255383e-18 0.000000e+00
2.232000e+02 2.480969e-18 2.480969e-18 0.000000e+00
2.242000e+02 2.748902e-18 2.748902e-18 0.000000e+00
2.252000e+02 3.001367e-18 3.001367e-18 0.000000e+00
2.262000e+02 3.299868e-18 3.299868e-18 0.000000e+00
2.272000e+02 3.589790e-18 3.589790e-18 0.000000e+00
2.282000e+02 3.904518e-18 3.904518e-18 0.000000e+00
2.292000e+02 4.243355e-18 4.243355e-18 0.000000e+00
2.302000e+02 4.560950e-18 4.560950e-18 0.000000e+00
2.312000e+02 4.936553e-18 4.936553e-18 0.000000e+00
2.322000e+02 5.292849e-18 5.292849e-18 0.000000e+00
2.332000e+02 5.681226e-18 5.681226e-18 0.000000e+00
2.342000e+02 6.027695e-18 6.027695e-18 0.000000e+00
2.352000e+02 6.392191e-18 6.392191e-18 0.000000e+00
2.362000e+02 6.841192e-18 6.841192e-18 0.000000e+00
2.372000e+02 7.201932e-18 7.201932e-18 0.000000e+00
2.382000e+02 7.596562e-18 7.596562e-18 0.000000e+00
2.392000e+02 7.910446e-18 7.910446e-18 0.000000e+00
2.402000e+02 8.354789e-18 8.354789e-18 0.000000e+00
2.412000e+02 8.651961e-18 8.651961e-18 0.000000e+00
2.422000e+02 9.017213e-18 9.017213e-18 0.000000e+00
2.432000e+02 9.400457e-18 9.400457e-18 0.000000e+00
2.442000e+02 9.678329e-18 9.678329e-18 0.000000e+00
2.452000e+02 1.003011e-17 1.003011e-17 0.000000e+00
2.462000e+02 1.021879e-17 1.021879e-17 0.000000e+00
2.472000e+02 1.049554e-17 1.049554e-17 0.000000e+00
2.482000e+02 1.060563e-17 1.060563e-17 0.000000e+00
2.492000e+02 1.098255e-17 1.098255e-17 0.000000e+00
2.502000e+02 1.109524e-17 1.109524e-17 0.000000e+00
2.512000e+02 1.105890e-17 1.105890e-17 0.000000e+00
2.522000e+02 1.133836e-17 1.133836e-17 0.000000e+00
2.532000e+02 1.130651e-17 1.130651e-17 0.000000e+00
2.542000e+02 1.135373e-17 1.135373e-17 0.000000e+00
2.552000e+02 1.156811e-17 1.156811e-17 0.000000e+00
2.562000e+02 1.128548e-17 1.128548e-17 0.000000e+00
2.572000e+02 1.123063e-17 1.123063e-17 0.000000e+00
2.582000e+02 1.114814e-17 1.114814e-17 0.000000e+00
2.592000e+02 1.106546e-17 1.106546e-17 0.000000e+00
2.602000e+02 1.074659e-17 1.074659e-17 0.000000e+00
2.612000e+02 1.064106e-17 1.064106e-17 0.000000e+00
2.622000e+02 1.045447e-17 1.045447e-17 0.000000e+00
2.632000e+02 9.944567e-18 9.944567e-18 0.000000e+00
2.642000e+02 1.003711e-17 1.003711e-17 0.000000e+00
2.652000e+02 9.426765e-18 9.426765e-18 0.000000e+00
2.662000e+02 9.279678e-18 9.279678e-18 0.000000e+00
2.672000e+02 8.751604e-18 8.751604e-18 0.000000e+00
2.682000e+02 8.494555e-18 8.494555e-18 0.000000e+00
2.692000e+02 8.012808e-18 8.012808e-18 0.000000e+00
2.702000e+02 7.843070e-18 7.843070e-18 0.000000e+00
2.712000e+02 7.293208e-18 7.293208e-18 0.000000e+00
2.722000e+02 7.036233e-18 7.036233e-18 0.000000e+00
2.732000e+02 6.666122e-18 6.666122e-18 0.000000e+00
2.742000e+02 5.992324e-18 5.992324e-18 0.000000e+00
2.752000e+02 5.831793e-18 5.831793e-18 0.000000e+00
2.762000e+02 5.416124e-18 5.416124e-18 0.000000e+00
2.772000e+02 5.020803e-18 5.020803e-18 0.000000e+00
2.782000e+02 4.601810e-18 4.601810e-18 0.000000e+00
2.792000e+02 4.255183e-18 4.255183e-18 0.000000e+00
2.802000e+02 3.920330e-18 3.920330e-18 0.000000e+00
2.812000e+02 3.607130e-18 3.607130e-18 0.000000e+00
2.822000e+02 3.240194e-18 3.240194e-18 0.000000e+00
2.832000e+02 3.019485e-18 3.019485e-18 0.000000e+00
2.842000e+02 2.623925e-18 2.623925e-18 0.000000e+00
2.852000e+02 2.397403e-18 2.397403e-18 0.000000e+00
2.862000e+02 2.197618e-18 2.197618e-18 0.000000e+00
2.872000e+02 1.962494e-18 1.962494e-18 0.000000e+00
2.882000e+02 1.696306e-18 1.696306e-18 0.000000e+00
2.892000e+02 1.525316e-18 1.525316e-18 0.000000e+00
2.902000e+02 1.351127e-18 1.351127e-18 0.000000e+00
2.912000e+02 1.206067e-18 1.206067e-18 0.000000e+00
2.922000e+02 1.031749e-18 1.031749e-18 0.000000e+00
2.932000e+02 9.195624e-19 9.195624e-19 0.000000e+00
2.942000e+02 7.940041e-19 7.940041e-19 0.000000e+00
2.952000e+02 6.908672e-19 6.908672e-19 0.000000e+00
2.962000e+02 5.879398e-19 5.879398e-19 0.000000e+00
2.972000e+02 5.209200e-19 5.209200e-19 0.000000e+00
2.982000e+02 4.471845e-19 4.471845e-19 0.000000e+00
2.992000e+02 3.935674e-19 3.935674e-19 0.000000e+00
3.002000e+02 3.373625e-19 3.373625e-19 0.000000e+00
3.012000e+02 2.867207e-19 2.867207e-19 0.000000e+00
3.022000e+02 2.588549e-19 2.588549e-19 0.000000e+00
3.032000e+02 2.140030e-19 2.140030e-19 0.000000e+00
3.042000e+02 1.995335e-19 1.995335e-19 0.000000e+00
3.052000e+02 1.602954e-19 1.602954e-19 0.000000e+00
3.062000e+02 1.492219e-19 1.492219e-19 0.000000e+00
3.072000e+02 1.222743e-19 1.222743e-19 0.000000e+00
3.082000e+02 1.129579e-19 1.129579e-19 0.000000e+00
3.092000e+02 9.937395e-20 9.937395e-20 0.000000e+00
3.102000e+02 8.151671e-20 8.151671e-20 0.000000e+00
3.112000e+02 7.294665e-20 7.294665e-20 0.000000e+00
3.122000e+02 6.046068e-20 6.046068e-20 0.000000e+00
3.132000e+02 5.263253e-20 5.263253e-20 0.000000e+00
3.142000e+02 4.641405e-20 4.641405e-20 0.000000e+00
3.152000e+02 3.771445e-20 3.771445e-20 0.000000e+00
3.162000e+02 3.364466e-20 3.364466e-20 0.000000e+00
3.172000e+02 3.193998e-20 3.193998e-20 0.000000e+00
3.182000e+02 2.718364e-20 2.718364e-20 0.000000e+00
3.192000e+02 1.745960e-20 1.745960e-20 0.000000e+00
3.202000e+02 2.536943e-20 2.536943e-20 0.000000e+00
3.212000e+02 1.124738e-20 1.124738e-20 0.000000e+00
3.222000e+02 2.100811e-20 2.100811e-20 0.000000e+00
3.232000e+02 1.146913e-20 1.146913e-20 0.000000e+00
3.242000e+02 8.036371e-21 8.036371e-21 0.000000e+00
3.252000e+02 1.239869e-20 1.239869e-20 0.000000e+00
3.262000e+02 5.467514e-21 5.467514e-21 0.000000e+00
3.272000e+02 6.760850e-21 6.760850e-21 0.000000e+00
3.282000e+02 9.953328e-21 9.953328e-21 0.000000e+00
3.292000e+02 2.360591e-21 2.360591e-21 0.000000e+00
3.302000e+02 3.490874e-21 3.490874e-21 0.000000e+00
3.312000e+02 6.945810e-21 6.945810e-21 0.000000e+00
3.322000e+02 1.672970e-21 1.672970e-21 0.000000e+00
3.332000e+02 1.889399e-21 1.889399e-21 0.000000e+00
3.342000e+02 2.997279e-21 2.997279e-21 0.000000e+00
3.352000e+02 8.576462e-22 8.576462e-22 0.000000e+00
3.362000e+02 7.227711e-22 7.227711e-22 0.000000e+00
3.372000e+02 3.034772e-21 3.034772e-21 0.000000e+00
3.382000e+02 9.426808e-22 9.426808e-22 0.000000e+00
3.392000e+02 3.805543e-22 3.805543e-22 0.000000e+00
3.402000e+02 1.625239e-21 1.625239e-21 0.000000e+00
3.412000e+02 4.137163e-22 4.137163e-22 0.000000e+00
3.422000e+02 1.813104e-22 1.813104e-22 0.000000e+00
3.432000e+02 3.678868e-22 3.678868e-22 0.000000e+00
3.442000e+02 1.167927e-21 1.167927e-21 0.000000e+00
3.452000e+02 2.519507e-22 2.519507e-22 0.000000e+00
3.462000e+02 1.001735e-22 1.001735e-22 0.000000e+00
3.472000e+02 3.526576e-22 3.526576e-22 0.000000e+00
3.482000e+02 1.072250e-22 1.072250e-22 0.000000e+00
3.492000e+02 3.407932e-23 3.407932e-23 0.000000e+00
3.502000e+02 4.229818e-23 4.229818e-23 0.000000e+00
3.512000e+02 1.474582e-22 1.474582e-22 0.000000e+00
3.522000e+02 1.408756e-22 1.408756e-22 0.000000e+00
3.532000e+02 3.955783e-23 3.955783e-23 0.000000e+00
3.542000e+02 1.640126e-23 1.640126e-23 0.000000e+00
3.552000e+02 4.060957e-23 4.060957e-23 0.000000e+00
3.562000e+02 1.547222e-23 1.547222e-23 0.000000e+00
3.572000e+02 1.351211e-23 1.351211e-23 0.000000e+00
3.582000e+02 7.568259e-24 7.568259e-24 0.000000e+00
3.592000e+02 1.999453e-23 1.999453e-23 0.000000e+00
3.602000e+02 2.649669e-23 2.649669e-23 0.000000e+00
3.612000e+02 9.047715e-24 9.047715e-24 0.000000e+00
3.622000e+02 4.029965e-24 4.029965e-24 0.000000e+00
3.632000e+02 2.972450e-24 2.972450e-24 0.000000e+00
3.642000e+02 3.174632e-24 3.174632e-24 0.000000e+00
3.652000e+02 3.678034e-24 3.678034e-24 0.000000e+00
3.662000e+02 1.814350e-24 1.814350e-24 0.000000e+00
3.672000e+02 1.134599e-24 1.134599e-24 0.000000e+00
3.682000e+02 2.959681e-24 2.959681e-24 0.000000e+00
3.692000e+02 3.696025e-24 3.696025e-24 0.000000e+00
3.702000e+02 1.882744e-24 1.882744e-24 0.000000e+00
3.712000e+02 6.896033e-25 6.896033e-25 0.000000e+00
3.722000e+02 1.874929e-25 1.874929e-25 0.000000e+00
3.732000e+02 4.091000e-25 4.091000e-25 0.000000e+00
3.742000e+02 1.612323e-24 1.612323e-24 0.000000e+00
3.752000e+02 5.077456e-25 5.077456e-25 0.000000e+00
3.762000e+02 3.986091e-25 3.986091e-25 0.000000e+00
3.772000e+02 9.332763e-25 9.332763e-25 0.000000e+00
3.782000e+02 1.264176e-24 1.264176e-24 0.000000e+00
3.792000e+02 7.438735e-25 7.438735e-25 0.000000e+00
3.802000e+02 1.139419e-24 1.139419e-24 0.000000e+00
3.812000e+02 1.042403e-24 1.042403e-24 0.000000e+00
3.822000e+02 1.000000e-26 1.000000e-26 0.000000e+00
3.832000e+02 1.172300e-24 1.172300e-24 0.000000e+00
3.842000e+02 1.667473e-24 1.667473e-24 0.000000e+00
3.852000e+02 1.175885e-24 1.175885e-24 0.000000e+00
3.862000e+02 1.789693e-24 1.789693e-24 0.000000e+00
3.872000e+02 1.582412e-24 1.582412e-24 0.000000e+00
3.882000e+02 1.943205e-24 1.943205e-24 0.000000e+00
3.892000e+02 1.115375e-24 1.115375e-24 0.000000e+00
3.902000e+02 1.743794e-24 1.743794e-24 0.000000e+00
3.912000e+02 1.751017e-24 1.751017e-24 0.000000e+00
3.922000e+02 2.987584e-24 2.987584e-24 0.000000e+00
3.932000e+02 3.382794e-24 3.382794e-24 0.000000e+00
3.942000e+02 4.437741e-24 4.437741e-24 0.000000e+00
3.952000e+02 5.341030e-24 5.341030e-24 0.000000e+00
3.962000e+02 5.641573e-24 5.641573e-24 0.000000e+00
3.972000e+02 5.662761e-24 5.662761e-24 0.000000e+00
3.982000e+02 5.057487e-24 5.057487e-24 0.000000e+00
3.992000e+02 5.778928e-24 5.778928e-24 0.000000e+00
