# OCS cross sections
# #photoabsorption   -- Photoabsorption cross section (cm2)
# #photodissociation -- Photodissociation cross section (cm2)
# #photoionisation   -- Photoionisation cross section (cm2)
# #This version has been resampled to a uniform 0.1nm grid while maintaining a constant integrated cross section (using trapezoidal integration).
# #wavelength photoabsorption photodissociation photoionisation
9.120000e+01 4.134774e-17 6.050528e-18 3.529721e-17
9.220000e+01 6.781518e-17 1.088262e-17 5.693256e-17
9.320000e+01 1.627755e-16 3.025258e-17 1.325229e-16
9.420000e+01 8.338982e-17 1.757889e-17 6.581093e-17
9.520000e+01 6.044265e-17 1.430199e-17 4.614065e-17
9.620000e+01 5.924502e-17 1.529616e-17 4.394886e-17
9.720000e+01 5.825599e-17 1.626298e-17 4.199301e-17
9.820000e+01 5.655926e-17 1.700835e-17 3.955091e-17
9.920000e+01 5.681499e-17 1.823175e-17 3.858323e-17
1.002000e+02 6.751602e-17 2.280984e-17 4.470618e-17
1.012000e+02 1.470855e-16 5.215253e-17 9.493300e-17
1.022000e+02 7.239070e-17 2.688958e-17 4.550112e-17
1.032000e+02 4.137661e-17 1.608044e-17 2.529617e-17
1.042000e+02 4.058901e-17 1.707611e-17 2.351289e-17
1.052000e+02 4.061044e-17 1.844185e-17 2.216859e-17
1.062000e+02 3.923273e-17 1.912516e-17 2.010758e-17
1.072000e+02 3.777213e-17 1.964905e-17 1.812308e-17
1.082000e+02 3.443754e-17 1.940655e-17 1.503098e-17
1.092000e+02 3.237749e-17 2.002909e-17 1.234840e-17
1.102000e+02 2.955900e-17 1.991362e-17 9.645379e-18
1.112000e+02 2.839701e-17 2.069787e-17 7.699130e-18
1.122000e+02 2.768909e-17 2.170628e-17 5.982810e-18
1.132000e+02 2.596027e-17 2.146127e-17 4.498993e-18
1.142000e+02 2.597268e-17 2.229451e-17 3.678171e-18
1.152000e+02 2.720768e-17 2.720768e-17 0.000000e+00
1.162000e+02 2.806080e-17 2.806080e-17 0.000000e+00
1.172000e+02 2.801040e-17 2.801040e-17 0.000000e+00
1.182000e+02 2.132607e-17 2.132607e-17 0.000000e+00
1.192000e+02 2.424673e-17 2.424673e-17 0.000000e+00
1.202000e+02 3.506428e-17 3.506428e-17 0.000000e+00
1.212000e+02 1.968798e-17 1.968798e-17 0.000000e+00
1.222000e+02 1.377253e-17 1.377253e-17 0.000000e+00
1.232000e+02 2.459960e-17 2.459960e-17 0.000000e+00
1.242000e+02 6.170250e-18 6.170250e-18 0.000000e+00
1.252000e+02 1.158848e-17 1.158848e-17 0.000000e+00
1.262000e+02 3.699630e-17 3.699630e-17 0.000000e+00
1.272000e+02 1.755778e-17 1.755778e-17 0.000000e+00
1.282000e+02 9.332530e-17 9.332530e-17 0.000000e+00
1.292000e+02 3.285735e-17 3.285735e-17 0.000000e+00
1.302000e+02 1.618640e-17 1.618640e-17 0.000000e+00
1.312000e+02 1.089395e-17 1.089395e-17 0.000000e+00
1.322000e+02 2.332173e-17 2.332173e-17 0.000000e+00
1.332000e+02 1.915865e-17 1.915865e-17 0.000000e+00
1.342000e+02 7.181500e-18 7.181500e-18 0.000000e+00
1.352000e+02 9.012500e-18 9.012500e-18 0.000000e+00
1.362000e+02 5.255655e-17 5.255655e-17 0.000000e+00
1.372000e+02 3.203423e-17 3.203423e-17 0.000000e+00
1.382000e+02 1.075838e-17 1.075838e-17 0.000000e+00
1.392000e+02 4.421450e-18 4.421450e-18 0.000000e+00
1.402000e+02 2.142427e-17 2.142427e-17 0.000000e+00
1.412000e+02 9.021875e-18 9.021875e-18 0.000000e+00
1.422000e+02 1.910050e-18 1.910050e-18 0.000000e+00
1.432000e+02 7.353325e-18 7.353325e-18 0.000000e+00
1.442000e+02 2.062118e-17 2.062118e-17 0.000000e+00
1.452000e+02 9.492875e-18 9.492875e-18 0.000000e+00
1.462000e+02 2.918113e-17 2.918113e-17 0.000000e+00
1.472000e+02 1.014433e-16 1.014433e-16 0.000000e+00
1.482000e+02 2.700452e-17 2.700452e-17 0.000000e+00
1.492000e+02 1.082245e-16 1.082245e-16 0.000000e+00
1.502000e+02 3.672802e-17 3.672802e-17 0.000000e+00
1.512000e+02 7.941665e-17 7.941665e-17 0.000000e+00
1.522000e+02 8.426818e-17 8.426818e-17 0.000000e+00
1.532000e+02 7.659852e-17 7.659852e-17 0.000000e+00
1.542000e+02 1.191108e-16 1.191108e-16 0.000000e+00
1.552000e+02 7.623265e-17 7.623265e-17 0.000000e+00
1.562000e+02 1.003513e-16 1.003513e-16 0.000000e+00
1.572000e+02 6.500920e-17 6.500920e-17 0.000000e+00
1.582000e+02 4.603217e-17 4.603217e-17 0.000000e+00
1.592000e+02 2.584302e-17 2.584302e-17 0.000000e+00
1.602000e+02 1.714407e-17 1.714407e-17 0.000000e+00
1.612000e+02 1.436500e-17 1.436500e-17 0.000000e+00
1.622000e+02 1.295188e-17 1.295188e-17 0.000000e+00
1.632000e+02 1.357205e-17 1.357205e-17 0.000000e+00
1.642000e+02 1.749040e-17 1.749040e-17 0.000000e+00
1.652000e+02 2.132765e-17 2.132765e-17 0.000000e+00
1.662000e+02 3.019573e-17 3.019573e-17 0.000000e+00
1.672000e+02 2.356765e-17 2.356765e-17 0.000000e+00
1.682000e+02 2.415223e-17 2.415223e-17 0.000000e+00
1.692000e+02 2.579680e-17 2.579680e-17 0.000000e+00
1.702000e+02 2.426365e-17 2.426365e-17 0.000000e+00
1.712000e+02 1.925035e-17 1.925035e-17 0.000000e+00
1.722000e+02 1.788422e-17 1.788422e-17 0.000000e+00
1.732000e+02 1.258152e-17 1.258152e-17 0.000000e+00
1.742000e+02 1.139388e-17 1.139388e-17 0.000000e+00
1.752000e+02 1.216927e-17 1.216927e-17 0.000000e+00
1.762000e+02 6.539200e-18 6.539200e-18 0.000000e+00
1.772000e+02 4.669525e-18 4.669525e-18 0.000000e+00
1.782000e+02 4.027625e-18 4.027625e-18 0.000000e+00
1.792000e+02 3.137900e-18 3.137900e-18 0.000000e+00
1.802000e+02 2.545025e-18 2.545025e-18 0.000000e+00
1.812000e+02 1.395700e-18 1.395700e-18 0.000000e+00
1.822000e+02 1.067700e-18 1.067700e-18 0.000000e+00
1.832000e+02 4.592500e-19 4.592500e-19 0.000000e+00
1.842000e+02 4.081250e-19 4.081250e-19 0.000000e+00
1.852000e+02 2.048750e-19 2.048750e-19 0.000000e+00
1.862000e+02 1.718750e-19 1.718750e-19 0.000000e+00
1.872000e+02 8.122500e-20 8.122500e-20 0.000000e+00
1.882000e+02 6.630000e-20 6.630000e-20 0.000000e+00
1.892000e+02 3.245000e-20 3.245000e-20 0.000000e+00
1.902000e+02 2.395000e-20 2.395000e-20 0.000000e+00
1.912000e+02 1.467500e-20 1.467500e-20 0.000000e+00
1.922000e+02 1.082500e-20 1.082500e-20 0.000000e+00
1.932000e+02 9.375000e-21 9.375000e-21 0.000000e+00
1.942000e+02 1.797500e-20 1.797500e-20 0.000000e+00
1.952000e+02 2.197500e-20 2.197500e-20 0.000000e+00
1.962000e+02 1.782500e-20 1.782500e-20 0.000000e+00
1.972000e+02 2.120000e-20 2.120000e-20 0.000000e+00
1.982000e+02 3.142500e-20 3.142500e-20 0.000000e+00
1.992000e+02 2.735000e-20 2.735000e-20 0.000000e+00
2.002000e+02 3.720000e-20 3.720000e-20 0.000000e+00
2.012000e+02 2.958000e-20 2.958000e-20 0.000000e+00
2.022000e+02 4.952000e-20 4.952000e-20 0.000000e+00
2.032000e+02 6.068000e-20 6.068000e-20 0.000000e+00
2.042000e+02 7.230000e-20 7.230000e-20 0.000000e+00
2.052000e+02 7.914000e-20 7.914000e-20 0.000000e+00
2.062000e+02 9.246000e-20 9.246000e-20 0.000000e+00
2.072000e+02 1.039200e-19 1.039200e-19 0.000000e+00
2.082000e+02 1.164600e-19 1.164600e-19 0.000000e+00
2.092000e+02 1.336000e-19 1.336000e-19 0.000000e+00
2.102000e+02 1.444600e-19 1.444600e-19 0.000000e+00
2.112000e+02 1.483200e-19 1.483200e-19 0.000000e+00
2.122000e+02 1.572200e-19 1.572200e-19 0.000000e+00
2.132000e+02 1.669800e-19 1.669800e-19 0.000000e+00
2.142000e+02 1.732800e-19 1.732800e-19 0.000000e+00
2.152000e+02 1.959000e-19 1.959000e-19 0.000000e+00
2.162000e+02 2.076800e-19 2.076800e-19 0.000000e+00
2.172000e+02 2.117400e-19 2.117400e-19 0.000000e+00
2.182000e+02 2.383000e-19 2.383000e-19 0.000000e+00
2.192000e+02 2.531800e-19 2.531800e-19 0.000000e+00
2.202000e+02 2.582600e-19 2.582600e-19 0.000000e+00
2.212000e+02 2.720400e-19 2.720400e-19 0.000000e+00
2.222000e+02 2.884400e-19 2.884400e-19 0.000000e+00
2.232000e+02 2.801600e-19 2.801600e-19 0.000000e+00
2.242000e+02 2.804800e-19 2.804800e-19 0.000000e+00
2.252000e+02 3.023400e-19 3.023400e-19 0.000000e+00
2.262000e+02 2.838600e-19 2.838600e-19 0.000000e+00
2.272000e+02 2.831400e-19 2.831400e-19 0.000000e+00
2.282000e+02 2.770400e-19 2.770400e-19 0.000000e+00
2.292000e+02 2.568800e-19 2.568800e-19 0.000000e+00
2.302000e+02 2.553600e-19 2.553600e-19 0.000000e+00
2.312000e+02 2.409000e-19 2.409000e-19 0.000000e+00
2.322000e+02 2.254000e-19 2.254000e-19 0.000000e+00
2.332000e+02 2.052400e-19 2.052400e-19 0.000000e+00
2.342000e+02 1.899400e-19 1.899400e-19 0.000000e+00
2.352000e+02 1.729800e-19 1.729800e-19 0.000000e+00
2.362000e+02 1.516800e-19 1.516800e-19 0.000000e+00
2.372000e+02 1.372200e-19 1.372200e-19 0.000000e+00
2.382000e+02 1.267000e-19 1.267000e-19 0.000000e+00
2.392000e+02 1.134000e-19 1.134000e-19 0.000000e+00
2.402000e+02 9.590000e-20 9.590000e-20 0.000000e+00
2.412000e+02 8.316000e-20 8.316000e-20 0.000000e+00
2.422000e+02 7.366000e-20 7.366000e-20 0.000000e+00
2.432000e+02 6.344000e-20 6.344000e-20 0.000000e+00
2.442000e+02 5.446000e-20 5.446000e-20 0.000000e+00
2.452000e+02 4.624000e-20 4.624000e-20 0.000000e+00
2.462000e+02 3.960000e-20 3.960000e-20 0.000000e+00
2.472000e+02 3.468000e-20 3.468000e-20 0.000000e+00
2.482000e+02 2.858000e-20 2.858000e-20 0.000000e+00
2.492000e+02 2.332000e-20 2.332000e-20 0.000000e+00
2.502000e+02 2.156000e-20 2.156000e-20 0.000000e+00
2.512000e+02 1.744000e-20 1.744000e-20 0.000000e+00
2.522000e+02 1.366000e-20 1.366000e-20 0.000000e+00
2.532000e+02 1.202000e-20 1.202000e-20 0.000000e+00
2.542000e+02 9.980000e-21 9.980000e-21 0.000000e+00
2.552000e+02 8.720000e-21 8.720000e-21 0.000000e+00
2.562000e+02 9.340000e-21 9.340000e-21 0.000000e+00
2.572000e+02 7.780000e-21 7.780000e-21 0.000000e+00
2.582000e+02 6.260000e-21 6.260000e-21 0.000000e+00
2.592000e+02 3.800000e-21 3.800000e-21 0.000000e+00
2.602000e+02 3.676000e-21 3.676000e-21 0.000000e+00
2.612000e+02 4.840000e-21 4.840000e-21 0.000000e+00
2.622000e+02 5.516000e-21 5.516000e-21 0.000000e+00
2.632000e+02 5.112000e-21 5.112000e-21 0.000000e+00
2.642000e+02 4.608000e-21 4.608000e-21 0.000000e+00
2.652000e+02 8.136000e-21 8.136000e-21 0.000000e+00
2.662000e+02 6.544000e-21 6.544000e-21 0.000000e+00
2.672000e+02 7.156000e-21 7.156000e-21 0.000000e+00
2.682000e+02 5.856000e-21 5.856000e-21 0.000000e+00
2.692000e+02 5.352000e-21 5.352000e-21 0.000000e+00
2.702000e+02 4.640000e-21 4.640000e-21 0.000000e+00
2.712000e+02 4.360000e-21 4.360000e-21 0.000000e+00
2.722000e+02 4.632000e-21 4.632000e-21 0.000000e+00
2.732000e+02 5.344000e-21 5.344000e-21 0.000000e+00
2.742000e+02 5.156000e-21 5.156000e-21 0.000000e+00
2.752000e+02 5.292000e-21 5.292000e-21 0.000000e+00
2.762000e+02 5.528000e-21 5.528000e-21 0.000000e+00
2.772000e+02 5.540000e-21 5.540000e-21 0.000000e+00
2.782000e+02 5.352000e-21 5.352000e-21 0.000000e+00
2.792000e+02 6.324000e-21 6.324000e-21 0.000000e+00
2.802000e+02 0.000000e+00 0.000000e+00 0.000000e+00
2.812000e+02 0.000000e+00 0.000000e+00 0.000000e+00
2.822000e+02 0.000000e+00 0.000000e+00 0.000000e+00
2.832000e+02 0.000000e+00 0.000000e+00 0.000000e+00
2.842000e+02 0.000000e+00 0.000000e+00 0.000000e+00
2.852000e+02 0.000000e+00 0.000000e+00 0.000000e+00
2.862000e+02 0.000000e+00 0.000000e+00 0.000000e+00
2.872000e+02 0.000000e+00 0.000000e+00 0.000000e+00
2.882000e+02 0.000000e+00 0.000000e+00 0.000000e+00
2.892000e+02 0.000000e+00 0.000000e+00 0.000000e+00
2.902000e+02 0.000000e+00 0.000000e+00 0.000000e+00
2.912000e+02 0.000000e+00 0.000000e+00 0.000000e+00
2.922000e+02 0.000000e+00 0.000000e+00 0.000000e+00
2.932000e+02 0.000000e+00 0.000000e+00 0.000000e+00
2.942000e+02 0.000000e+00 0.000000e+00 0.000000e+00
2.952000e+02 0.000000e+00 0.000000e+00 0.000000e+00
2.962000e+02 0.000000e+00 0.000000e+00 0.000000e+00
2.972000e+02 0.000000e+00 0.000000e+00 0.000000e+00
2.982000e+02 0.000000e+00 0.000000e+00 0.000000e+00
2.992000e+02 0.000000e+00 0.000000e+00 0.000000e+00
3.002000e+02 0.000000e+00 0.000000e+00 0.000000e+00
3.012000e+02 0.000000e+00 0.000000e+00 0.000000e+00
3.022000e+02 0.000000e+00 0.000000e+00 0.000000e+00
3.032000e+02 0.000000e+00 0.000000e+00 0.000000e+00
3.042000e+02 0.000000e+00 0.000000e+00 0.000000e+00
3.052000e+02 0.000000e+00 0.000000e+00 0.000000e+00
3.062000e+02 0.000000e+00 0.000000e+00 0.000000e+00
3.072000e+02 0.000000e+00 0.000000e+00 0.000000e+00
3.082000e+02 0.000000e+00 0.000000e+00 0.000000e+00
3.092000e+02 0.000000e+00 0.000000e+00 0.000000e+00
3.102000e+02 0.000000e+00 0.000000e+00 0.000000e+00
3.112000e+02 0.000000e+00 0.000000e+00 0.000000e+00
3.122000e+02 0.000000e+00 0.000000e+00 0.000000e+00
3.132000e+02 0.000000e+00 0.000000e+00 0.000000e+00
3.142000e+02 0.000000e+00 0.000000e+00 0.000000e+00
3.152000e+02 0.000000e+00 0.000000e+00 0.000000e+00
3.162000e+02 0.000000e+00 0.000000e+00 0.000000e+00
3.172000e+02 0.000000e+00 0.000000e+00 0.000000e+00
3.182000e+02 0.000000e+00 0.000000e+00 0.000000e+00
3.192000e+02 0.000000e+00 0.000000e+00 0.000000e+00
3.202000e+02 0.000000e+00 0.000000e+00 0.000000e+00
3.212000e+02 0.000000e+00 0.000000e+00 0.000000e+00
3.222000e+02 0.000000e+00 0.000000e+00 0.000000e+00
3.232000e+02 0.000000e+00 0.000000e+00 0.000000e+00
3.242000e+02 0.000000e+00 0.000000e+00 0.000000e+00
3.252000e+02 0.000000e+00 0.000000e+00 0.000000e+00
3.262000e+02 0.000000e+00 0.000000e+00 0.000000e+00
3.272000e+02 0.000000e+00 0.000000e+00 0.000000e+00
3.282000e+02 0.000000e+00 0.000000e+00 0.000000e+00
3.292000e+02 0.000000e+00 0.000000e+00 0.000000e+00
3.302000e+02 0.000000e+00 0.000000e+00 0.000000e+00
3.312000e+02 0.000000e+00 0.000000e+00 0.000000e+00
3.322000e+02 0.000000e+00 0.000000e+00 0.000000e+00
3.332000e+02 0.000000e+00 0.000000e+00 0.000000e+00
3.342000e+02 0.000000e+00 0.000000e+00 0.000000e+00
3.352000e+02 0.000000e+00 0.000000e+00 0.000000e+00
3.362000e+02 0.000000e+00 0.000000e+00 0.000000e+00
3.372000e+02 0.000000e+00 0.000000e+00 0.000000e+00
3.382000e+02 0.000000e+00 0.000000e+00 0.000000e+00
3.392000e+02 0.000000e+00 0.000000e+00 0.000000e+00
3.402000e+02 0.000000e+00 0.000000e+00 0.000000e+00
3.412000e+02 0.000000e+00 0.000000e+00 0.000000e+00
3.422000e+02 0.000000e+00 0.000000e+00 0.000000e+00
3.432000e+02 0.000000e+00 0.000000e+00 0.000000e+00
3.442000e+02 0.000000e+00 0.000000e+00 0.000000e+00
3.452000e+02 0.000000e+00 0.000000e+00 0.000000e+00
3.462000e+02 0.000000e+00 0.000000e+00 0.000000e+00
3.472000e+02 0.000000e+00 0.000000e+00 0.000000e+00
3.482000e+02 0.000000e+00 0.000000e+00 0.000000e+00
3.492000e+02 0.000000e+00 0.000000e+00 0.000000e+00
3.502000e+02 0.000000e+00 0.000000e+00 0.000000e+00
3.512000e+02 0.000000e+00 0.000000e+00 0.000000e+00
3.522000e+02 0.000000e+00 0.000000e+00 0.000000e+00
3.532000e+02 0.000000e+00 0.000000e+00 0.000000e+00
3.542000e+02 0.000000e+00 0.000000e+00 0.000000e+00
3.552000e+02 0.000000e+00 0.000000e+00 0.000000e+00
3.562000e+02 0.000000e+00 0.000000e+00 0.000000e+00
3.572000e+02 0.000000e+00 0.000000e+00 0.000000e+00
3.582000e+02 0.000000e+00 0.000000e+00 0.000000e+00
3.592000e+02 0.000000e+00 0.000000e+00 0.000000e+00
3.602000e+02 0.000000e+00 0.000000e+00 0.000000e+00
3.612000e+02 0.000000e+00 0.000000e+00 0.000000e+00
3.622000e+02 0.000000e+00 0.000000e+00 0.000000e+00
3.632000e+02 0.000000e+00 0.000000e+00 0.000000e+00
3.642000e+02 0.000000e+00 0.000000e+00 0.000000e+00
3.652000e+02 0.000000e+00 0.000000e+00 0.000000e+00
3.662000e+02 0.000000e+00 0.000000e+00 0.000000e+00
3.672000e+02 0.000000e+00 0.000000e+00 0.000000e+00
3.682000e+02 0.000000e+00 0.000000e+00 0.000000e+00
3.692000e+02 0.000000e+00 0.000000e+00 0.000000e+00
3.702000e+02 0.000000e+00 0.000000e+00 0.000000e+00
3.712000e+02 0.000000e+00 0.000000e+00 0.000000e+00
3.722000e+02 0.000000e+00 0.000000e+00 0.000000e+00
3.732000e+02 0.000000e+00 0.000000e+00 0.000000e+00
3.742000e+02 0.000000e+00 0.000000e+00 0.000000e+00
3.752000e+02 0.000000e+00 0.000000e+00 0.000000e+00
3.762000e+02 0.000000e+00 0.000000e+00 0.000000e+00
3.772000e+02 0.000000e+00 0.000000e+00 0.000000e+00
3.782000e+02 0.000000e+00 0.000000e+00 0.000000e+00
3.792000e+02 0.000000e+00 0.000000e+00 0.000000e+00
3.802000e+02 0.000000e+00 0.000000e+00 0.000000e+00
3.812000e+02 0.000000e+00 0.000000e+00 0.000000e+00
3.822000e+02 0.000000e+00 0.000000e+00 0.000000e+00
3.832000e+02 0.000000e+00 0.000000e+00 0.000000e+00
3.842000e+02 0.000000e+00 0.000000e+00 0.000000e+00
3.852000e+02 0.000000e+00 0.000000e+00 0.000000e+00
3.862000e+02 0.000000e+00 0.000000e+00 0.000000e+00
3.872000e+02 0.000000e+00 0.000000e+00 0.000000e+00
3.882000e+02 0.000000e+00 0.000000e+00 0.000000e+00
3.892000e+02 0.000000e+00 0.000000e+00 0.000000e+00
3.902000e+02 0.000000e+00 0.000000e+00 0.000000e+00
3.912000e+02 0.000000e+00 0.000000e+00 0.000000e+00
3.922000e+02 0.000000e+00 0.000000e+00 0.000000e+00
3.932000e+02 0.000000e+00 0.000000e+00 0.000000e+00
3.942000e+02 0.000000e+00 0.000000e+00 0.000000e+00
3.952000e+02 0.000000e+00 0.000000e+00 0.000000e+00
3.962000e+02 0.000000e+00 0.000000e+00 0.000000e+00
3.972000e+02 0.000000e+00 0.000000e+00 0.000000e+00
3.982000e+02 0.000000e+00 0.000000e+00 0.000000e+00
3.992000e+02 0.000000e+00 0.000000e+00 0.000000e+00
