# OH+ cross sections
# #photoabsorption   -- Photoabsorption cross section (cm2)
# #photodissociation -- Photodissociation cross section (cm2)
# #photoionisation   -- Photoionisation cross section (cm2)
# #This version has been resampled to a uniform 0.1nm grid while maintaining a constant integrated cross section (using trapezoidal integration).
# #wavelength photoabsorption photodissociation photoionisation
9.120000e+01 2.800000e-18 2.800000e-18 0.000000e+00
9.220000e+01 2.462338e-18 2.462338e-18 0.000000e+00
9.320000e+01 2.124675e-18 2.124675e-18 0.000000e+00
9.420000e+01 1.787013e-18 1.787013e-18 0.000000e+00
9.520000e+01 1.476000e-18 1.476000e-18 0.000000e+00
9.620000e+01 1.316000e-18 1.316000e-18 0.000000e+00
9.720000e+01 1.156000e-18 1.156000e-18 0.000000e+00
9.820000e+01 9.960000e-19 9.960000e-19 0.000000e+00
9.920000e+01 8.360000e-19 8.360000e-19 0.000000e+00
1.002000e+02 6.880000e-19 6.880000e-19 0.000000e+00
1.012000e+02 6.080000e-19 6.080000e-19 0.000000e+00
1.022000e+02 5.280000e-19 5.280000e-19 0.000000e+00
1.032000e+02 4.480000e-19 4.480000e-19 0.000000e+00
1.042000e+02 3.680000e-19 3.680000e-19 0.000000e+00
1.052000e+02 2.970000e-19 2.970000e-19 0.000000e+00
1.062000e+02 2.770000e-19 2.770000e-19 0.000000e+00
1.072000e+02 2.570000e-19 2.570000e-19 0.000000e+00
1.082000e+02 2.370000e-19 2.370000e-19 0.000000e+00
1.092000e+02 2.170000e-19 2.170000e-19 0.000000e+00
1.102000e+02 1.700000e-19 1.700000e-19 0.000000e+00
1.112000e+02 4.800000e-27 4.800000e-27 0.000000e+00
1.122000e+02 3.680000e-26 3.680000e-26 0.000000e+00
1.132000e+02 6.880000e-26 6.880000e-26 0.000000e+00
1.142000e+02 1.008000e-25 1.008000e-25 0.000000e+00
1.152000e+02 1.328000e-25 1.328000e-25 0.000000e+00
1.162000e+02 1.648000e-25 1.648000e-25 0.000000e+00
1.172000e+02 1.968000e-25 1.968000e-25 0.000000e+00
1.182000e+02 2.288000e-25 2.288000e-25 0.000000e+00
1.192000e+02 2.608000e-25 2.608000e-25 0.000000e+00
1.202000e+02 2.928000e-25 2.928000e-25 0.000000e+00
1.212000e+02 3.248000e-25 3.248000e-25 0.000000e+00
1.222000e+02 3.568000e-25 3.568000e-25 0.000000e+00
1.232000e+02 3.888000e-25 3.888000e-25 0.000000e+00
1.242000e+02 4.208000e-25 4.208000e-25 0.000000e+00
1.252000e+02 4.528000e-25 4.528000e-25 0.000000e+00
1.262000e+02 4.848000e-25 4.848000e-25 0.000000e+00
1.272000e+02 5.168000e-25 5.168000e-25 0.000000e+00
1.282000e+02 5.488000e-25 5.488000e-25 0.000000e+00
1.292000e+02 5.808000e-25 5.808000e-25 0.000000e+00
1.302000e+02 6.128000e-25 6.128000e-25 0.000000e+00
1.312000e+02 6.448000e-25 6.448000e-25 0.000000e+00
1.322000e+02 6.768000e-25 6.768000e-25 0.000000e+00
1.332000e+02 7.088000e-25 7.088000e-25 0.000000e+00
1.342000e+02 7.408000e-25 7.408000e-25 0.000000e+00
1.352000e+02 7.728000e-25 7.728000e-25 0.000000e+00
1.362000e+02 8.048000e-25 8.048000e-25 0.000000e+00
1.372000e+02 8.368000e-25 8.368000e-25 0.000000e+00
1.382000e+02 8.688000e-25 8.688000e-25 0.000000e+00
1.392000e+02 9.008000e-25 9.008000e-25 0.000000e+00
1.402000e+02 9.328000e-25 9.328000e-25 0.000000e+00
1.412000e+02 9.648000e-25 9.648000e-25 0.000000e+00
1.422000e+02 9.968000e-25 9.968000e-25 0.000000e+00
1.432000e+02 1.028800e-24 1.028800e-24 0.000000e+00
1.442000e+02 1.060800e-24 1.060800e-24 0.000000e+00
1.452000e+02 1.092800e-24 1.092800e-24 0.000000e+00
1.462000e+02 1.124800e-24 1.124800e-24 0.000000e+00
1.472000e+02 1.156800e-24 1.156800e-24 0.000000e+00
1.482000e+02 1.188800e-24 1.188800e-24 0.000000e+00
1.492000e+02 1.220800e-24 1.220800e-24 0.000000e+00
1.502000e+02 1.252800e-24 1.252800e-24 0.000000e+00
1.512000e+02 1.284800e-24 1.284800e-24 0.000000e+00
1.522000e+02 1.316800e-24 1.316800e-24 0.000000e+00
1.532000e+02 1.348800e-24 1.348800e-24 0.000000e+00
1.542000e+02 1.380800e-24 1.380800e-24 0.000000e+00
1.552000e+02 1.412800e-24 1.412800e-24 0.000000e+00
1.562000e+02 1.467300e-24 1.467300e-24 0.000000e+00
1.572000e+02 1.649300e-24 1.649300e-24 0.000000e+00
1.582000e+02 1.831300e-24 1.831300e-24 0.000000e+00
1.592000e+02 2.013300e-24 2.013300e-24 0.000000e+00
1.602000e+02 2.195300e-24 2.195300e-24 0.000000e+00
1.612000e+02 2.364100e-24 2.364100e-24 0.000000e+00
1.622000e+02 2.458100e-24 2.458100e-24 0.000000e+00
1.632000e+02 2.552100e-24 2.552100e-24 0.000000e+00
1.642000e+02 2.646100e-24 2.646100e-24 0.000000e+00
1.652000e+02 2.740100e-24 2.740100e-24 0.000000e+00
1.662000e+02 2.816100e-24 2.816100e-24 0.000000e+00
1.672000e+02 2.790100e-24 2.790100e-24 0.000000e+00
1.682000e+02 2.764100e-24 2.764100e-24 0.000000e+00
1.692000e+02 2.738100e-24 2.738100e-24 0.000000e+00
1.702000e+02 2.712100e-24 2.712100e-24 0.000000e+00
1.712000e+02 2.671400e-24 2.671400e-24 0.000000e+00
1.722000e+02 2.547400e-24 2.547400e-24 0.000000e+00
1.732000e+02 2.423400e-24 2.423400e-24 0.000000e+00
1.742000e+02 2.299400e-24 2.299400e-24 0.000000e+00
1.752000e+02 2.175400e-24 2.175400e-24 0.000000e+00
1.762000e+02 2.045700e-24 2.045700e-24 0.000000e+00
1.772000e+02 1.883700e-24 1.883700e-24 0.000000e+00
1.782000e+02 1.721700e-24 1.721700e-24 0.000000e+00
1.792000e+02 1.559700e-24 1.559700e-24 0.000000e+00
1.802000e+02 1.397700e-24 1.397700e-24 0.000000e+00
1.812000e+02 1.239090e-24 1.239090e-24 0.000000e+00
1.822000e+02 1.099690e-24 1.099690e-24 0.000000e+00
1.832000e+02 9.602900e-25 9.602900e-25 0.000000e+00
1.842000e+02 8.208900e-25 8.208900e-25 0.000000e+00
1.852000e+02 6.814900e-25 6.814900e-25 0.000000e+00
1.862000e+02 5.505500e-25 5.505500e-25 0.000000e+00
1.872000e+02 4.675500e-25 4.675500e-25 0.000000e+00
1.882000e+02 3.845500e-25 3.845500e-25 0.000000e+00
1.892000e+02 3.015500e-25 3.015500e-25 0.000000e+00
1.902000e+02 2.185500e-25 2.185500e-25 0.000000e+00
1.912000e+02 1.438567e-25 1.438567e-25 0.000000e+00
1.922000e+02 1.162347e-25 1.162347e-25 0.000000e+00
1.932000e+02 8.861270e-26 8.861270e-26 0.000000e+00
1.942000e+02 6.099070e-26 6.099070e-26 0.000000e+00
1.952000e+02 3.336870e-26 3.336870e-26 0.000000e+00
1.962000e+02 9.622400e-27 9.622400e-27 0.000000e+00
1.972000e+02 7.838400e-27 7.838400e-27 0.000000e+00
1.982000e+02 6.054400e-27 6.054400e-27 0.000000e+00
1.992000e+02 4.270400e-27 4.270400e-27 0.000000e+00
2.002000e+02 2.486400e-27 2.486400e-27 0.000000e+00
2.012000e+02 1.095100e-27 1.095100e-27 0.000000e+00
2.022000e+02 1.929100e-27 1.929100e-27 0.000000e+00
2.032000e+02 2.763100e-27 2.763100e-27 0.000000e+00
2.042000e+02 3.597100e-27 3.597100e-27 0.000000e+00
2.052000e+02 4.431100e-27 4.431100e-27 0.000000e+00
2.062000e+02 1.218580e-26 1.218580e-26 0.000000e+00
2.072000e+02 5.915780e-26 5.915780e-26 0.000000e+00
2.082000e+02 1.061298e-25 1.061298e-25 0.000000e+00
2.092000e+02 1.531018e-25 1.531018e-25 0.000000e+00
2.102000e+02 2.000738e-25 2.000738e-25 0.000000e+00
2.112000e+02 2.844000e-25 2.844000e-25 0.000000e+00
2.122000e+02 5.804000e-25 5.804000e-25 0.000000e+00
2.132000e+02 8.764000e-25 8.764000e-25 0.000000e+00
2.142000e+02 1.172400e-24 1.172400e-24 0.000000e+00
2.152000e+02 1.468400e-24 1.468400e-24 0.000000e+00
2.162000e+02 1.875700e-24 1.875700e-24 0.000000e+00
2.172000e+02 2.913700e-24 2.913700e-24 0.000000e+00
2.182000e+02 3.951700e-24 3.951700e-24 0.000000e+00
2.192000e+02 4.989700e-24 4.989700e-24 0.000000e+00
2.202000e+02 6.027700e-24 6.027700e-24 0.000000e+00
2.212000e+02 7.320700e-24 7.320700e-24 0.000000e+00
2.222000e+02 1.005870e-23 1.005870e-23 0.000000e+00
2.232000e+02 1.279670e-23 1.279670e-23 0.000000e+00
2.242000e+02 1.553470e-23 1.553470e-23 0.000000e+00
2.252000e+02 1.827270e-23 1.827270e-23 0.000000e+00
2.262000e+02 2.151800e-23 2.151800e-23 0.000000e+00
2.272000e+02 2.763800e-23 2.763800e-23 0.000000e+00
2.282000e+02 3.375800e-23 3.375800e-23 0.000000e+00
2.292000e+02 3.987800e-23 3.987800e-23 0.000000e+00
2.302000e+02 4.599800e-23 4.599800e-23 0.000000e+00
2.312000e+02 5.302400e-23 5.302400e-23 0.000000e+00
2.322000e+02 6.518400e-23 6.518400e-23 0.000000e+00
2.332000e+02 7.734400e-23 7.734400e-23 0.000000e+00
2.342000e+02 8.950400e-23 8.950400e-23 0.000000e+00
2.352000e+02 1.016640e-22 1.016640e-22 0.000000e+00
2.362000e+02 1.153600e-22 1.153600e-22 0.000000e+00
2.372000e+02 1.377600e-22 1.377600e-22 0.000000e+00
2.382000e+02 1.601600e-22 1.601600e-22 0.000000e+00
2.392000e+02 1.825600e-22 1.825600e-22 0.000000e+00
2.402000e+02 2.049600e-22 2.049600e-22 0.000000e+00
2.412000e+02 2.278000e-22 2.278000e-22 0.000000e+00
2.422000e+02 2.531333e-22 2.531333e-22 0.000000e+00
2.432000e+02 2.784667e-22 2.784667e-22 0.000000e+00
2.442000e+02 2.550002e-22 2.550002e-22 0.000000e+00
2.452000e+02 1.411000e-27 1.411000e-27 0.000000e+00
2.462000e+02 0.000000e+00 0.000000e+00 0.000000e+00
2.472000e+02 0.000000e+00 0.000000e+00 0.000000e+00
2.482000e+02 0.000000e+00 0.000000e+00 0.000000e+00
2.492000e+02 0.000000e+00 0.000000e+00 0.000000e+00
2.502000e+02 0.000000e+00 0.000000e+00 0.000000e+00
2.512000e+02 0.000000e+00 0.000000e+00 0.000000e+00
2.522000e+02 0.000000e+00 0.000000e+00 0.000000e+00
2.532000e+02 0.000000e+00 0.000000e+00 0.000000e+00
2.542000e+02 0.000000e+00 0.000000e+00 0.000000e+00
2.552000e+02 0.000000e+00 0.000000e+00 0.000000e+00
2.562000e+02 0.000000e+00 0.000000e+00 0.000000e+00
2.572000e+02 0.000000e+00 0.000000e+00 0.000000e+00
2.582000e+02 0.000000e+00 0.000000e+00 0.000000e+00
2.592000e+02 0.000000e+00 0.000000e+00 0.000000e+00
2.602000e+02 0.000000e+00 0.000000e+00 0.000000e+00
2.612000e+02 0.000000e+00 0.000000e+00 0.000000e+00
2.622000e+02 0.000000e+00 0.000000e+00 0.000000e+00
2.632000e+02 0.000000e+00 0.000000e+00 0.000000e+00
2.642000e+02 0.000000e+00 0.000000e+00 0.000000e+00
2.652000e+02 0.000000e+00 0.000000e+00 0.000000e+00
2.662000e+02 0.000000e+00 0.000000e+00 0.000000e+00
2.672000e+02 0.000000e+00 0.000000e+00 0.000000e+00
2.682000e+02 0.000000e+00 0.000000e+00 0.000000e+00
2.692000e+02 0.000000e+00 0.000000e+00 0.000000e+00
2.702000e+02 0.000000e+00 0.000000e+00 0.000000e+00
2.712000e+02 0.000000e+00 0.000000e+00 0.000000e+00
2.722000e+02 0.000000e+00 0.000000e+00 0.000000e+00
2.732000e+02 0.000000e+00 0.000000e+00 0.000000e+00
2.742000e+02 0.000000e+00 0.000000e+00 0.000000e+00
2.752000e+02 0.000000e+00 0.000000e+00 0.000000e+00
2.762000e+02 0.000000e+00 0.000000e+00 0.000000e+00
2.772000e+02 0.000000e+00 0.000000e+00 0.000000e+00
2.782000e+02 0.000000e+00 0.000000e+00 0.000000e+00
2.792000e+02 0.000000e+00 0.000000e+00 0.000000e+00
2.802000e+02 0.000000e+00 0.000000e+00 0.000000e+00
2.812000e+02 0.000000e+00 0.000000e+00 0.000000e+00
2.822000e+02 0.000000e+00 0.000000e+00 0.000000e+00
2.832000e+02 0.000000e+00 0.000000e+00 0.000000e+00
2.842000e+02 0.000000e+00 0.000000e+00 0.000000e+00
2.852000e+02 0.000000e+00 0.000000e+00 0.000000e+00
2.862000e+02 0.000000e+00 0.000000e+00 0.000000e+00
2.872000e+02 0.000000e+00 0.000000e+00 0.000000e+00
2.882000e+02 0.000000e+00 0.000000e+00 0.000000e+00
2.892000e+02 0.000000e+00 0.000000e+00 0.000000e+00
2.902000e+02 0.000000e+00 0.000000e+00 0.000000e+00
2.912000e+02 0.000000e+00 0.000000e+00 0.000000e+00
2.922000e+02 0.000000e+00 0.000000e+00 0.000000e+00
2.932000e+02 0.000000e+00 0.000000e+00 0.000000e+00
2.942000e+02 0.000000e+00 0.000000e+00 0.000000e+00
2.952000e+02 0.000000e+00 0.000000e+00 0.000000e+00
2.962000e+02 0.000000e+00 0.000000e+00 0.000000e+00
2.972000e+02 0.000000e+00 0.000000e+00 0.000000e+00
2.982000e+02 0.000000e+00 0.000000e+00 0.000000e+00
2.992000e+02 0.000000e+00 0.000000e+00 0.000000e+00
3.002000e+02 0.000000e+00 0.000000e+00 0.000000e+00
3.012000e+02 0.000000e+00 0.000000e+00 0.000000e+00
3.022000e+02 0.000000e+00 0.000000e+00 0.000000e+00
3.032000e+02 0.000000e+00 0.000000e+00 0.000000e+00
3.042000e+02 0.000000e+00 0.000000e+00 0.000000e+00
3.052000e+02 0.000000e+00 0.000000e+00 0.000000e+00
3.062000e+02 0.000000e+00 0.000000e+00 0.000000e+00
3.072000e+02 0.000000e+00 0.000000e+00 0.000000e+00
3.082000e+02 0.000000e+00 0.000000e+00 0.000000e+00
3.092000e+02 0.000000e+00 0.000000e+00 0.000000e+00
3.102000e+02 0.000000e+00 0.000000e+00 0.000000e+00
3.112000e+02 0.000000e+00 0.000000e+00 0.000000e+00
3.122000e+02 0.000000e+00 0.000000e+00 0.000000e+00
3.132000e+02 0.000000e+00 0.000000e+00 0.000000e+00
3.142000e+02 0.000000e+00 0.000000e+00 0.000000e+00
3.152000e+02 0.000000e+00 0.000000e+00 0.000000e+00
3.162000e+02 0.000000e+00 0.000000e+00 0.000000e+00
3.172000e+02 0.000000e+00 0.000000e+00 0.000000e+00
3.182000e+02 0.000000e+00 0.000000e+00 0.000000e+00
3.192000e+02 0.000000e+00 0.000000e+00 0.000000e+00
3.202000e+02 0.000000e+00 0.000000e+00 0.000000e+00
3.212000e+02 0.000000e+00 0.000000e+00 0.000000e+00
3.222000e+02 0.000000e+00 0.000000e+00 0.000000e+00
3.232000e+02 0.000000e+00 0.000000e+00 0.000000e+00
3.242000e+02 0.000000e+00 0.000000e+00 0.000000e+00
3.252000e+02 0.000000e+00 0.000000e+00 0.000000e+00
3.262000e+02 0.000000e+00 0.000000e+00 0.000000e+00
3.272000e+02 0.000000e+00 0.000000e+00 0.000000e+00
3.282000e+02 0.000000e+00 0.000000e+00 0.000000e+00
3.292000e+02 0.000000e+00 0.000000e+00 0.000000e+00
3.302000e+02 0.000000e+00 0.000000e+00 0.000000e+00
3.312000e+02 0.000000e+00 0.000000e+00 0.000000e+00
3.322000e+02 0.000000e+00 0.000000e+00 0.000000e+00
3.332000e+02 0.000000e+00 0.000000e+00 0.000000e+00
3.342000e+02 0.000000e+00 0.000000e+00 0.000000e+00
3.352000e+02 0.000000e+00 0.000000e+00 0.000000e+00
3.362000e+02 0.000000e+00 0.000000e+00 0.000000e+00
3.372000e+02 0.000000e+00 0.000000e+00 0.000000e+00
3.382000e+02 0.000000e+00 0.000000e+00 0.000000e+00
3.392000e+02 0.000000e+00 0.000000e+00 0.000000e+00
3.402000e+02 0.000000e+00 0.000000e+00 0.000000e+00
3.412000e+02 0.000000e+00 0.000000e+00 0.000000e+00
3.422000e+02 0.000000e+00 0.000000e+00 0.000000e+00
3.432000e+02 0.000000e+00 0.000000e+00 0.000000e+00
3.442000e+02 0.000000e+00 0.000000e+00 0.000000e+00
3.452000e+02 0.000000e+00 0.000000e+00 0.000000e+00
3.462000e+02 0.000000e+00 0.000000e+00 0.000000e+00
3.472000e+02 0.000000e+00 0.000000e+00 0.000000e+00
3.482000e+02 0.000000e+00 0.000000e+00 0.000000e+00
3.492000e+02 0.000000e+00 0.000000e+00 0.000000e+00
3.502000e+02 0.000000e+00 0.000000e+00 0.000000e+00
3.512000e+02 0.000000e+00 0.000000e+00 0.000000e+00
3.522000e+02 0.000000e+00 0.000000e+00 0.000000e+00
3.532000e+02 0.000000e+00 0.000000e+00 0.000000e+00
3.542000e+02 0.000000e+00 0.000000e+00 0.000000e+00
3.552000e+02 0.000000e+00 0.000000e+00 0.000000e+00
3.562000e+02 0.000000e+00 0.000000e+00 0.000000e+00
3.572000e+02 0.000000e+00 0.000000e+00 0.000000e+00
3.582000e+02 0.000000e+00 0.000000e+00 0.000000e+00
3.592000e+02 0.000000e+00 0.000000e+00 0.000000e+00
3.602000e+02 0.000000e+00 0.000000e+00 0.000000e+00
3.612000e+02 0.000000e+00 0.000000e+00 0.000000e+00
3.622000e+02 0.000000e+00 0.000000e+00 0.000000e+00
3.632000e+02 0.000000e+00 0.000000e+00 0.000000e+00
3.642000e+02 0.000000e+00 0.000000e+00 0.000000e+00
3.652000e+02 0.000000e+00 0.000000e+00 0.000000e+00
3.662000e+02 0.000000e+00 0.000000e+00 0.000000e+00
3.672000e+02 0.000000e+00 0.000000e+00 0.000000e+00
3.682000e+02 0.000000e+00 0.000000e+00 0.000000e+00
3.692000e+02 0.000000e+00 0.000000e+00 0.000000e+00
3.702000e+02 0.000000e+00 0.000000e+00 0.000000e+00
3.712000e+02 0.000000e+00 0.000000e+00 0.000000e+00
3.722000e+02 0.000000e+00 0.000000e+00 0.000000e+00
3.732000e+02 0.000000e+00 0.000000e+00 0.000000e+00
3.742000e+02 0.000000e+00 0.000000e+00 0.000000e+00
3.752000e+02 0.000000e+00 0.000000e+00 0.000000e+00
3.762000e+02 0.000000e+00 0.000000e+00 0.000000e+00
3.772000e+02 0.000000e+00 0.000000e+00 0.000000e+00
3.782000e+02 0.000000e+00 0.000000e+00 0.000000e+00
3.792000e+02 0.000000e+00 0.000000e+00 0.000000e+00
3.802000e+02 0.000000e+00 0.000000e+00 0.000000e+00
3.812000e+02 0.000000e+00 0.000000e+00 0.000000e+00
3.822000e+02 0.000000e+00 0.000000e+00 0.000000e+00
3.832000e+02 0.000000e+00 0.000000e+00 0.000000e+00
3.842000e+02 0.000000e+00 0.000000e+00 0.000000e+00
3.852000e+02 0.000000e+00 0.000000e+00 0.000000e+00
3.862000e+02 0.000000e+00 0.000000e+00 0.000000e+00
3.872000e+02 0.000000e+00 0.000000e+00 0.000000e+00
3.882000e+02 0.000000e+00 0.000000e+00 0.000000e+00
3.892000e+02 0.000000e+00 0.000000e+00 0.000000e+00
3.902000e+02 0.000000e+00 0.000000e+00 0.000000e+00
3.912000e+02 0.000000e+00 0.000000e+00 0.000000e+00
3.922000e+02 0.000000e+00 0.000000e+00 0.000000e+00
3.932000e+02 0.000000e+00 0.000000e+00 0.000000e+00
3.942000e+02 0.000000e+00 0.000000e+00 0.000000e+00
3.952000e+02 0.000000e+00 0.000000e+00 0.000000e+00
3.962000e+02 0.000000e+00 0.000000e+00 0.000000e+00
3.972000e+02 0.000000e+00 0.000000e+00 0.000000e+00
3.982000e+02 0.000000e+00 0.000000e+00 0.000000e+00
3.992000e+02 0.000000e+00 0.000000e+00 0.000000e+00
