# S2 cross sections
# #photoabsorption   -- Photoabsorption cross section (cm2)
# #photodissociation -- Photodissociation cross section (cm2)
# #photoionisation   -- Photoionisation cross section (cm2)
# #This version has been resampled to a uniform 0.1nm grid while maintaining a constant integrated cross section (using trapezoidal integration).
# #wavelength photoabsorption photodissociation photoionisation
9.120000e+01 4.323024e-18 0.000000e+00 4.323024e-18
9.220000e+01 3.896331e-18 0.000000e+00 3.896331e-18
9.320000e+01 3.722078e-18 0.000000e+00 3.722078e-18
9.420000e+01 3.811121e-18 0.000000e+00 3.811121e-18
9.520000e+01 3.814049e-18 0.000000e+00 3.814049e-18
9.620000e+01 3.482940e-18 0.000000e+00 3.482940e-18
9.720000e+01 2.914289e-18 0.000000e+00 2.914289e-18
9.820000e+01 2.927971e-18 0.000000e+00 2.927971e-18
9.920000e+01 3.668041e-18 0.000000e+00 3.668041e-18
1.002000e+02 2.797060e-18 0.000000e+00 2.797060e-18
1.012000e+02 2.993624e-18 0.000000e+00 2.993624e-18
1.022000e+02 2.876824e-18 0.000000e+00 2.876824e-18
1.032000e+02 3.437128e-18 0.000000e+00 3.437128e-18
1.042000e+02 4.780185e-18 0.000000e+00 4.780185e-18
1.052000e+02 4.949584e-18 0.000000e+00 4.949584e-18
1.062000e+02 4.165155e-18 0.000000e+00 4.165155e-18
1.072000e+02 3.304002e-18 0.000000e+00 3.304002e-18
1.082000e+02 2.567062e-18 0.000000e+00 2.567062e-18
1.092000e+02 1.792116e-18 0.000000e+00 1.792116e-18
1.102000e+02 1.153603e-18 0.000000e+00 1.153603e-18
1.112000e+02 1.046114e-18 0.000000e+00 1.046114e-18
1.122000e+02 1.051284e-18 0.000000e+00 1.051284e-18
1.132000e+02 1.543918e-18 0.000000e+00 1.543918e-18
1.142000e+02 2.025713e-18 0.000000e+00 2.025713e-18
1.152000e+02 2.729469e-18 0.000000e+00 2.729469e-18
1.162000e+02 3.309630e-18 0.000000e+00 3.309630e-18
1.172000e+02 2.992835e-18 0.000000e+00 2.992835e-18
1.182000e+02 2.797432e-18 0.000000e+00 2.797432e-18
1.192000e+02 2.364700e-18 0.000000e+00 2.364700e-18
1.202000e+02 2.133343e-18 0.000000e+00 2.133343e-18
1.212000e+02 2.099805e-18 0.000000e+00 2.099805e-18
1.222000e+02 1.798932e-18 0.000000e+00 1.798932e-18
1.232000e+02 1.335608e-18 0.000000e+00 1.335608e-18
1.242000e+02 9.957336e-19 0.000000e+00 9.957336e-19
1.252000e+02 7.385400e-19 0.000000e+00 7.385400e-19
1.262000e+02 5.489451e-19 0.000000e+00 5.489451e-19
1.272000e+02 4.229570e-19 0.000000e+00 4.229570e-19
1.282000e+02 3.462951e-19 0.000000e+00 3.462951e-19
1.292000e+02 2.641852e-19 0.000000e+00 2.641852e-19
1.302000e+02 2.310147e-19 0.000000e+00 2.310147e-19
1.312000e+02 2.304715e-19 0.000000e+00 2.304715e-19
1.322000e+02 1.157352e-19 0.000000e+00 1.157352e-19
1.332000e+02 9.591833e-20 0.000000e+00 9.591833e-20
1.342000e+02 9.022135e-20 0.000000e+00 9.022135e-20
1.352000e+02 8.452437e-20 0.000000e+00 8.452437e-20
1.362000e+02 7.882739e-20 0.000000e+00 7.882739e-20
1.372000e+02 7.313041e-20 0.000000e+00 7.313041e-20
1.382000e+02 6.743343e-20 0.000000e+00 6.743343e-20
1.392000e+02 6.173645e-20 0.000000e+00 6.173645e-20
1.402000e+02 5.603947e-20 0.000000e+00 5.603947e-20
1.412000e+02 5.034249e-20 0.000000e+00 5.034249e-20
1.422000e+02 4.464551e-20 0.000000e+00 4.464551e-20
1.432000e+02 3.894854e-20 0.000000e+00 3.894854e-20
1.442000e+02 3.325156e-20 0.000000e+00 3.325156e-20
1.452000e+02 2.755458e-20 0.000000e+00 2.755458e-20
1.462000e+02 2.185760e-20 0.000000e+00 2.185760e-20
1.472000e+02 1.616062e-20 0.000000e+00 1.616062e-20
1.482000e+02 1.046364e-20 0.000000e+00 1.046364e-20
1.492000e+02 4.766662e-21 0.000000e+00 4.766662e-21
1.502000e+02 0.000000e+00 0.000000e+00 0.000000e+00
1.512000e+02 0.000000e+00 0.000000e+00 0.000000e+00
1.522000e+02 0.000000e+00 0.000000e+00 0.000000e+00
1.532000e+02 0.000000e+00 0.000000e+00 0.000000e+00
1.542000e+02 0.000000e+00 0.000000e+00 0.000000e+00
1.552000e+02 0.000000e+00 0.000000e+00 0.000000e+00
1.562000e+02 0.000000e+00 0.000000e+00 0.000000e+00
1.572000e+02 0.000000e+00 0.000000e+00 0.000000e+00
1.582000e+02 0.000000e+00 0.000000e+00 0.000000e+00
1.592000e+02 0.000000e+00 0.000000e+00 0.000000e+00
1.602000e+02 0.000000e+00 0.000000e+00 0.000000e+00
1.612000e+02 0.000000e+00 0.000000e+00 0.000000e+00
1.622000e+02 0.000000e+00 0.000000e+00 0.000000e+00
1.632000e+02 0.000000e+00 0.000000e+00 0.000000e+00
1.642000e+02 0.000000e+00 0.000000e+00 0.000000e+00
1.652000e+02 0.000000e+00 0.000000e+00 0.000000e+00
1.662000e+02 0.000000e+00 0.000000e+00 0.000000e+00
1.672000e+02 0.000000e+00 0.000000e+00 0.000000e+00
1.682000e+02 0.000000e+00 0.000000e+00 0.000000e+00
1.692000e+02 0.000000e+00 0.000000e+00 0.000000e+00
1.702000e+02 0.000000e+00 0.000000e+00 0.000000e+00
1.712000e+02 0.000000e+00 0.000000e+00 0.000000e+00
1.722000e+02 0.000000e+00 0.000000e+00 0.000000e+00
1.732000e+02 0.000000e+00 0.000000e+00 0.000000e+00
1.742000e+02 0.000000e+00 0.000000e+00 0.000000e+00
1.752000e+02 0.000000e+00 0.000000e+00 0.000000e+00
1.762000e+02 0.000000e+00 0.000000e+00 0.000000e+00
1.772000e+02 0.000000e+00 0.000000e+00 0.000000e+00
1.782000e+02 0.000000e+00 0.000000e+00 0.000000e+00
1.792000e+02 0.000000e+00 0.000000e+00 0.000000e+00
1.802000e+02 0.000000e+00 0.000000e+00 0.000000e+00
1.812000e+02 0.000000e+00 0.000000e+00 0.000000e+00
1.822000e+02 0.000000e+00 0.000000e+00 0.000000e+00
1.832000e+02 0.000000e+00 0.000000e+00 0.000000e+00
1.842000e+02 0.000000e+00 0.000000e+00 0.000000e+00
1.852000e+02 0.000000e+00 0.000000e+00 0.000000e+00
1.862000e+02 0.000000e+00 0.000000e+00 0.000000e+00
1.872000e+02 0.000000e+00 0.000000e+00 0.000000e+00
1.882000e+02 0.000000e+00 0.000000e+00 0.000000e+00
1.892000e+02 0.000000e+00 0.000000e+00 0.000000e+00
1.902000e+02 0.000000e+00 0.000000e+00 0.000000e+00
1.912000e+02 0.000000e+00 0.000000e+00 0.000000e+00
1.922000e+02 0.000000e+00 0.000000e+00 0.000000e+00
1.932000e+02 0.000000e+00 0.000000e+00 0.000000e+00
1.942000e+02 0.000000e+00 0.000000e+00 0.000000e+00
1.952000e+02 0.000000e+00 0.000000e+00 0.000000e+00
1.962000e+02 0.000000e+00 0.000000e+00 0.000000e+00
1.972000e+02 0.000000e+00 0.000000e+00 0.000000e+00
1.982000e+02 0.000000e+00 0.000000e+00 0.000000e+00
1.992000e+02 0.000000e+00 0.000000e+00 0.000000e+00
2.002000e+02 0.000000e+00 0.000000e+00 0.000000e+00
2.012000e+02 0.000000e+00 0.000000e+00 0.000000e+00
2.022000e+02 0.000000e+00 0.000000e+00 0.000000e+00
2.032000e+02 0.000000e+00 0.000000e+00 0.000000e+00
2.042000e+02 0.000000e+00 0.000000e+00 0.000000e+00
2.052000e+02 0.000000e+00 0.000000e+00 0.000000e+00
2.062000e+02 0.000000e+00 0.000000e+00 0.000000e+00
2.072000e+02 0.000000e+00 0.000000e+00 0.000000e+00
2.082000e+02 0.000000e+00 0.000000e+00 0.000000e+00
2.092000e+02 0.000000e+00 0.000000e+00 0.000000e+00
2.102000e+02 0.000000e+00 0.000000e+00 0.000000e+00
2.112000e+02 0.000000e+00 0.000000e+00 0.000000e+00
2.122000e+02 0.000000e+00 0.000000e+00 0.000000e+00
2.132000e+02 0.000000e+00 0.000000e+00 0.000000e+00
2.142000e+02 0.000000e+00 0.000000e+00 0.000000e+00
2.152000e+02 0.000000e+00 0.000000e+00 0.000000e+00
2.162000e+02 0.000000e+00 0.000000e+00 0.000000e+00
2.172000e+02 0.000000e+00 0.000000e+00 0.000000e+00
2.182000e+02 0.000000e+00 0.000000e+00 0.000000e+00
2.192000e+02 0.000000e+00 0.000000e+00 0.000000e+00
2.202000e+02 0.000000e+00 0.000000e+00 0.000000e+00
2.212000e+02 0.000000e+00 0.000000e+00 0.000000e+00
2.222000e+02 0.000000e+00 0.000000e+00 0.000000e+00
2.232000e+02 0.000000e+00 0.000000e+00 0.000000e+00
2.242000e+02 0.000000e+00 0.000000e+00 0.000000e+00
2.252000e+02 0.000000e+00 0.000000e+00 0.000000e+00
2.262000e+02 0.000000e+00 0.000000e+00 0.000000e+00
2.272000e+02 0.000000e+00 0.000000e+00 0.000000e+00
2.282000e+02 1.043373e-294 1.043373e-294 0.000000e+00
2.292000e+02 2.053049e-259 2.053049e-259 0.000000e+00
2.302000e+02 1.578154e-226 1.578154e-226 0.000000e+00
2.312000e+02 4.739275e-196 4.739275e-196 0.000000e+00
2.322000e+02 5.560651e-168 5.560651e-168 0.000000e+00
2.332000e+02 2.549517e-142 2.549517e-142 0.000000e+00
2.342000e+02 4.569051e-119 4.569051e-119 0.000000e+00
2.352000e+02 3.202083e-98 3.202083e-98 0.000000e+00
2.362000e+02 8.782685e-80 8.782685e-80 0.000000e+00
2.372000e+02 9.440834e-64 9.440834e-64 0.000000e+00
2.382000e+02 3.986565e-50 3.986565e-50 0.000000e+00
2.392000e+02 6.638716e-39 6.638716e-39 0.000000e+00
2.402000e+02 4.387198e-30 4.387198e-30 0.000000e+00
2.412000e+02 1.161577e-23 1.161577e-23 0.000000e+00
2.422000e+02 1.248539e-19 1.248539e-19 0.000000e+00
2.432000e+02 5.534505e-18 5.534505e-18 0.000000e+00
2.442000e+02 1.682854e-18 1.682854e-18 0.000000e+00
2.452000e+02 7.547111e-18 7.547111e-18 0.000000e+00
2.462000e+02 2.317765e-18 2.317765e-18 0.000000e+00
2.472000e+02 7.919473e-18 7.919473e-18 0.000000e+00
2.482000e+02 3.978370e-18 3.978370e-18 0.000000e+00
2.492000e+02 7.807352e-18 7.807352e-18 0.000000e+00
2.502000e+02 5.785758e-18 5.785758e-18 0.000000e+00
2.512000e+02 8.085589e-18 8.085589e-18 0.000000e+00
2.522000e+02 6.928028e-18 6.928028e-18 0.000000e+00
2.532000e+02 9.503350e-18 9.503350e-18 0.000000e+00
2.542000e+02 6.511793e-18 6.511793e-18 0.000000e+00
2.552000e+02 1.285290e-17 1.285290e-17 0.000000e+00
2.562000e+02 4.433518e-18 4.433518e-18 0.000000e+00
2.572000e+02 1.859663e-17 1.859663e-17 0.000000e+00
2.582000e+02 2.115343e-18 2.115343e-18 0.000000e+00
2.592000e+02 2.423561e-17 2.423561e-17 0.000000e+00
2.602000e+02 1.728852e-18 1.728852e-18 0.000000e+00
2.612000e+02 2.216519e-17 2.216519e-17 0.000000e+00
2.622000e+02 5.974226e-18 5.974226e-18 0.000000e+00
2.632000e+02 9.859286e-18 9.859286e-18 0.000000e+00
2.642000e+02 1.955066e-17 1.955066e-17 0.000000e+00
2.652000e+02 1.477481e-18 1.477481e-18 0.000000e+00
2.662000e+02 2.969117e-17 2.969117e-17 0.000000e+00
2.672000e+02 2.838365e-18 2.838365e-18 0.000000e+00
2.682000e+02 1.161681e-17 1.161681e-17 0.000000e+00
2.692000e+02 1.953246e-17 1.953246e-17 0.000000e+00
2.702000e+02 6.716175e-19 6.716175e-19 0.000000e+00
2.712000e+02 2.656099e-17 2.656099e-17 0.000000e+00
2.722000e+02 5.531708e-18 5.531708e-18 0.000000e+00
2.732000e+02 2.700293e-18 2.700293e-18 0.000000e+00
2.742000e+02 2.813096e-17 2.813096e-17 0.000000e+00
2.752000e+02 1.238255e-18 1.238255e-18 0.000000e+00
2.762000e+02 5.864696e-18 5.864696e-18 0.000000e+00
2.772000e+02 2.139660e-17 2.139660e-17 0.000000e+00
2.782000e+02 3.419060e-19 3.419060e-19 0.000000e+00
2.792000e+02 7.254201e-18 7.254201e-18 0.000000e+00
2.802000e+02 1.576782e-17 1.576782e-17 0.000000e+00
2.812000e+02 1.540071e-19 1.441140e-19 0.000000e+00
2.822000e+02 5.615670e-18 5.546890e-24 0.000000e+00
2.832000e+02 1.325321e-17 8.911927e-31 0.000000e+00
2.842000e+02 1.339138e-19 5.888415e-40 0.000000e+00
2.852000e+02 2.664320e-18 1.575506e-51 0.000000e+00
2.862000e+02 1.223771e-17 1.685649e-65 0.000000e+00
2.872000e+02 2.362496e-19 7.147748e-82 0.000000e+00
2.882000e+02 5.749046e-19 1.194297e-100 0.000000e+00
2.892000e+02 9.912532e-18 7.835109e-122 0.000000e+00
2.902000e+02 7.163336e-19 2.013899e-145 0.000000e+00
2.912000e+02 3.525414e-20 2.025554e-171 0.000000e+00
2.922000e+02 4.314655e-18 7.966082e-200 0.000000e+00
2.932000e+02 2.217601e-18 1.224493e-230 0.000000e+00
2.942000e+02 5.081788e-21 7.354819e-264 0.000000e+00
2.952000e+02 4.879905e-19 1.725959e-299 0.000000e+00
2.962000e+02 3.498305e-18 0.000000e+00 0.000000e+00
2.972000e+02 1.052698e-19 0.000000e+00 0.000000e+00
2.982000e+02 4.655385e-21 0.000000e+00 0.000000e+00
2.992000e+02 9.910686e-19 0.000000e+00 0.000000e+00
3.002000e+02 8.819196e-19 0.000000e+00 0.000000e+00
3.012000e+02 3.304003e-21 0.000000e+00 0.000000e+00
3.022000e+02 1.131572e-20 0.000000e+00 0.000000e+00
3.032000e+02 6.612469e-19 0.000000e+00 0.000000e+00
3.042000e+02 1.615436e-19 0.000000e+00 0.000000e+00
3.052000e+02 1.670726e-22 0.000000e+00 0.000000e+00
3.062000e+02 6.852461e-21 0.000000e+00 0.000000e+00
3.072000e+02 2.401778e-19 0.000000e+00 0.000000e+00
3.082000e+02 3.523185e-20 0.000000e+00 0.000000e+00
3.092000e+02 2.187118e-23 0.000000e+00 0.000000e+00
3.102000e+02 1.087043e-21 0.000000e+00 0.000000e+00
3.112000e+02 5.212643e-20 0.000000e+00 0.000000e+00
3.122000e+02 1.045438e-20 0.000000e+00 0.000000e+00
3.132000e+02 8.834783e-24 0.000000e+00 0.000000e+00
3.142000e+02 2.545079e-23 0.000000e+00 0.000000e+00
3.152000e+02 4.203605e-21 0.000000e+00 0.000000e+00
3.162000e+02 2.895642e-21 0.000000e+00 0.000000e+00
3.172000e+02 8.397503e-24 0.000000e+00 0.000000e+00
3.182000e+02 1.024464e-28 0.000000e+00 0.000000e+00
3.192000e+02 5.202312e-36 0.000000e+00 0.000000e+00
3.202000e+02 1.082788e-45 0.000000e+00 0.000000e+00
3.212000e+02 9.099319e-58 0.000000e+00 0.000000e+00
3.222000e+02 3.051106e-72 0.000000e+00 0.000000e+00
3.232000e+02 4.048869e-89 0.000000e+00 0.000000e+00
3.242000e+02 2.115234e-108 0.000000e+00 0.000000e+00
3.252000e+02 4.336461e-130 0.000000e+00 0.000000e+00
3.262000e+02 3.482029e-154 0.000000e+00 0.000000e+00
3.272000e+02 1.093857e-180 0.000000e+00 0.000000e+00
3.282000e+02 1.343496e-209 0.000000e+00 0.000000e+00
3.292000e+02 6.449045e-241 0.000000e+00 0.000000e+00
3.302000e+02 1.209602e-274 0.000000e+00 0.000000e+00
3.312000e+02 8.863877e-311 0.000000e+00 0.000000e+00
3.322000e+02 0.000000e+00 0.000000e+00 0.000000e+00
3.332000e+02 0.000000e+00 0.000000e+00 0.000000e+00
3.342000e+02 0.000000e+00 0.000000e+00 0.000000e+00
3.352000e+02 0.000000e+00 0.000000e+00 0.000000e+00
3.362000e+02 0.000000e+00 0.000000e+00 0.000000e+00
3.372000e+02 0.000000e+00 0.000000e+00 0.000000e+00
3.382000e+02 0.000000e+00 0.000000e+00 0.000000e+00
3.392000e+02 0.000000e+00 0.000000e+00 0.000000e+00
3.402000e+02 0.000000e+00 0.000000e+00 0.000000e+00
3.412000e+02 0.000000e+00 0.000000e+00 0.000000e+00
3.422000e+02 0.000000e+00 0.000000e+00 0.000000e+00
3.432000e+02 0.000000e+00 0.000000e+00 0.000000e+00
3.442000e+02 0.000000e+00 0.000000e+00 0.000000e+00
3.452000e+02 0.000000e+00 0.000000e+00 0.000000e+00
3.462000e+02 0.000000e+00 0.000000e+00 0.000000e+00
3.472000e+02 0.000000e+00 0.000000e+00 0.000000e+00
3.482000e+02 0.000000e+00 0.000000e+00 0.000000e+00
3.492000e+02 0.000000e+00 0.000000e+00 0.000000e+00
3.502000e+02 0.000000e+00 0.000000e+00 0.000000e+00
3.512000e+02 0.000000e+00 0.000000e+00 0.000000e+00
3.522000e+02 0.000000e+00 0.000000e+00 0.000000e+00
3.532000e+02 0.000000e+00 0.000000e+00 0.000000e+00
3.542000e+02 0.000000e+00 0.000000e+00 0.000000e+00
3.552000e+02 0.000000e+00 0.000000e+00 0.000000e+00
3.562000e+02 0.000000e+00 0.000000e+00 0.000000e+00
3.572000e+02 0.000000e+00 0.000000e+00 0.000000e+00
3.582000e+02 0.000000e+00 0.000000e+00 0.000000e+00
3.592000e+02 0.000000e+00 0.000000e+00 0.000000e+00
3.602000e+02 0.000000e+00 0.000000e+00 0.000000e+00
3.612000e+02 0.000000e+00 0.000000e+00 0.000000e+00
3.622000e+02 0.000000e+00 0.000000e+00 0.000000e+00
3.632000e+02 0.000000e+00 0.000000e+00 0.000000e+00
3.642000e+02 0.000000e+00 0.000000e+00 0.000000e+00
3.652000e+02 0.000000e+00 0.000000e+00 0.000000e+00
3.662000e+02 0.000000e+00 0.000000e+00 0.000000e+00
3.672000e+02 0.000000e+00 0.000000e+00 0.000000e+00
3.682000e+02 0.000000e+00 0.000000e+00 0.000000e+00
3.692000e+02 0.000000e+00 0.000000e+00 0.000000e+00
3.702000e+02 0.000000e+00 0.000000e+00 0.000000e+00
3.712000e+02 0.000000e+00 0.000000e+00 0.000000e+00
3.722000e+02 0.000000e+00 0.000000e+00 0.000000e+00
3.732000e+02 0.000000e+00 0.000000e+00 0.000000e+00
3.742000e+02 0.000000e+00 0.000000e+00 0.000000e+00
3.752000e+02 0.000000e+00 0.000000e+00 0.000000e+00
3.762000e+02 0.000000e+00 0.000000e+00 0.000000e+00
3.772000e+02 0.000000e+00 0.000000e+00 0.000000e+00
3.782000e+02 0.000000e+00 0.000000e+00 0.000000e+00
3.792000e+02 0.000000e+00 0.000000e+00 0.000000e+00
3.802000e+02 0.000000e+00 0.000000e+00 0.000000e+00
3.812000e+02 0.000000e+00 0.000000e+00 0.000000e+00
3.822000e+02 0.000000e+00 0.000000e+00 0.000000e+00
3.832000e+02 0.000000e+00 0.000000e+00 0.000000e+00
3.842000e+02 0.000000e+00 0.000000e+00 0.000000e+00
3.852000e+02 0.000000e+00 0.000000e+00 0.000000e+00
3.862000e+02 0.000000e+00 0.000000e+00 0.000000e+00
3.872000e+02 0.000000e+00 0.000000e+00 0.000000e+00
3.882000e+02 0.000000e+00 0.000000e+00 0.000000e+00
3.892000e+02 0.000000e+00 0.000000e+00 0.000000e+00
3.902000e+02 0.000000e+00 0.000000e+00 0.000000e+00
3.912000e+02 0.000000e+00 0.000000e+00 0.000000e+00
3.922000e+02 0.000000e+00 0.000000e+00 0.000000e+00
3.932000e+02 0.000000e+00 0.000000e+00 0.000000e+00
3.942000e+02 0.000000e+00 0.000000e+00 0.000000e+00
3.952000e+02 0.000000e+00 0.000000e+00 0.000000e+00
3.962000e+02 0.000000e+00 0.000000e+00 0.000000e+00
3.972000e+02 0.000000e+00 0.000000e+00 0.000000e+00
3.982000e+02 0.000000e+00 0.000000e+00 0.000000e+00
3.992000e+02 0.000000e+00 0.000000e+00 0.000000e+00
