# SH+ cross sections
# #photoabsorption   -- Photoabsorption cross section (cm2)
# #photodissociation -- Photodissociation cross section (cm2)
# #photoionisation   -- Photoionisation cross section (cm2)
# #This version has been resampled to a uniform 0.1nm grid while maintaining a constant integrated cross section (using trapezoidal integration).
# #wavelength photoabsorption photodissociation photoionisation
9.120000e+01 1.589633e-17 1.589633e-17 0.000000e+00
9.220000e+01 2.079586e-17 2.079586e-17 0.000000e+00
9.320000e+01 2.733095e-17 2.733095e-17 0.000000e+00
9.420000e+01 3.368520e-17 3.368520e-17 0.000000e+00
9.520000e+01 3.893940e-17 3.893940e-17 0.000000e+00
9.620000e+01 4.249099e-17 4.249099e-17 0.000000e+00
9.720000e+01 4.489102e-17 4.489102e-17 0.000000e+00
9.820000e+01 4.583749e-17 4.583749e-17 0.000000e+00
9.920000e+01 4.609768e-17 4.609768e-17 0.000000e+00
1.002000e+02 4.349473e-17 4.349473e-17 0.000000e+00
1.012000e+02 4.006474e-17 4.006474e-17 0.000000e+00
1.022000e+02 3.535944e-17 3.535944e-17 0.000000e+00
1.032000e+02 3.154658e-17 3.154658e-17 0.000000e+00
1.042000e+02 2.881141e-17 2.881141e-17 0.000000e+00
1.052000e+02 2.589081e-17 2.589081e-17 0.000000e+00
1.062000e+02 2.313788e-17 2.313788e-17 0.000000e+00
1.072000e+02 2.210322e-17 2.210322e-17 0.000000e+00
1.082000e+02 2.058092e-17 2.058092e-17 0.000000e+00
1.092000e+02 1.676774e-17 1.676774e-17 0.000000e+00
1.102000e+02 1.325640e-17 1.325640e-17 0.000000e+00
1.112000e+02 9.240597e-18 9.240597e-18 0.000000e+00
1.122000e+02 5.444728e-18 5.444728e-18 0.000000e+00
1.132000e+02 2.451642e-18 2.451642e-18 0.000000e+00
1.142000e+02 1.035252e-18 1.035252e-18 0.000000e+00
1.152000e+02 4.590428e-19 4.590428e-19 0.000000e+00
1.162000e+02 2.102412e-19 2.102412e-19 0.000000e+00
1.172000e+02 1.164295e-19 1.164295e-19 0.000000e+00
1.182000e+02 9.154371e-20 9.154371e-20 0.000000e+00
1.192000e+02 8.067645e-20 8.067645e-20 0.000000e+00
1.202000e+02 7.733151e-20 7.733151e-20 0.000000e+00
1.212000e+02 7.462100e-20 7.462100e-20 0.000000e+00
1.222000e+02 7.364397e-20 7.364397e-20 0.000000e+00
1.232000e+02 7.405381e-20 7.405381e-20 0.000000e+00
1.242000e+02 7.211456e-20 7.211456e-20 0.000000e+00
1.252000e+02 6.979806e-20 6.979806e-20 0.000000e+00
1.262000e+02 6.646242e-20 6.646242e-20 0.000000e+00
1.272000e+02 6.232754e-20 6.232754e-20 0.000000e+00
1.282000e+02 5.825155e-20 5.825155e-20 0.000000e+00
1.292000e+02 5.361885e-20 5.361885e-20 0.000000e+00
1.302000e+02 4.897073e-20 4.897073e-20 0.000000e+00
1.312000e+02 4.408885e-20 4.408885e-20 0.000000e+00
1.322000e+02 3.912230e-20 3.912230e-20 0.000000e+00
1.332000e+02 3.503903e-20 3.503903e-20 0.000000e+00
1.342000e+02 3.243919e-20 3.243919e-20 0.000000e+00
1.352000e+02 3.093978e-20 3.093978e-20 0.000000e+00
1.362000e+02 3.025432e-20 3.025432e-20 0.000000e+00
1.372000e+02 2.949115e-20 2.949115e-20 0.000000e+00
1.382000e+02 3.019140e-20 3.019140e-20 0.000000e+00
1.392000e+02 3.160205e-20 3.160205e-20 0.000000e+00
1.402000e+02 3.421529e-20 3.421529e-20 0.000000e+00
1.412000e+02 3.693362e-20 3.693362e-20 0.000000e+00
1.422000e+02 3.918703e-20 3.918703e-20 0.000000e+00
1.432000e+02 4.126076e-20 4.126076e-20 0.000000e+00
1.442000e+02 4.352245e-20 4.352245e-20 0.000000e+00
1.452000e+02 4.478613e-20 4.478613e-20 0.000000e+00
1.462000e+02 4.557876e-20 4.557876e-20 0.000000e+00
1.472000e+02 4.624229e-20 4.624229e-20 0.000000e+00
1.482000e+02 4.560914e-20 4.560914e-20 0.000000e+00
1.492000e+02 4.435936e-20 4.435936e-20 0.000000e+00
1.502000e+02 4.183173e-20 4.183173e-20 0.000000e+00
1.512000e+02 3.895261e-20 3.895261e-20 0.000000e+00
1.522000e+02 3.592040e-20 3.592040e-20 0.000000e+00
1.532000e+02 3.265509e-20 3.265509e-20 0.000000e+00
1.542000e+02 2.947301e-20 2.947301e-20 0.000000e+00
1.552000e+02 2.631924e-20 2.631924e-20 0.000000e+00
1.562000e+02 2.324740e-20 2.324740e-20 0.000000e+00
1.572000e+02 2.025138e-20 2.025138e-20 0.000000e+00
1.582000e+02 1.729686e-20 1.729686e-20 0.000000e+00
1.592000e+02 1.439232e-20 1.439232e-20 0.000000e+00
1.602000e+02 1.159854e-20 1.159854e-20 0.000000e+00
1.612000e+02 9.286932e-21 9.286932e-21 0.000000e+00
1.622000e+02 7.650914e-21 7.650914e-21 0.000000e+00
1.632000e+02 6.032197e-21 6.032197e-21 0.000000e+00
1.642000e+02 4.565940e-21 4.565940e-21 0.000000e+00
1.652000e+02 3.594546e-21 3.594546e-21 0.000000e+00
1.662000e+02 2.828330e-21 2.828330e-21 0.000000e+00
1.672000e+02 2.079324e-21 2.079324e-21 0.000000e+00
1.682000e+02 1.425330e-21 1.425330e-21 0.000000e+00
1.692000e+02 1.132857e-21 1.132857e-21 0.000000e+00
1.702000e+02 8.655001e-22 8.655001e-22 0.000000e+00
1.712000e+02 6.150006e-22 6.150006e-22 0.000000e+00
1.722000e+02 4.017577e-22 4.017577e-22 0.000000e+00
1.732000e+02 3.375725e-22 3.375725e-22 0.000000e+00
1.742000e+02 2.772947e-22 2.772947e-22 0.000000e+00
1.752000e+02 2.170169e-22 2.170169e-22 0.000000e+00
1.762000e+02 1.581567e-22 1.581567e-22 0.000000e+00
1.772000e+02 1.055623e-22 1.055623e-22 0.000000e+00
1.782000e+02 6.133654e-23 6.133654e-23 0.000000e+00
1.792000e+02 4.336573e-23 4.336573e-23 0.000000e+00
1.802000e+02 3.486923e-23 3.486923e-23 0.000000e+00
1.812000e+02 2.747675e-23 2.747675e-23 0.000000e+00
1.822000e+02 2.064077e-23 2.064077e-23 0.000000e+00
1.832000e+02 1.496768e-23 1.496768e-23 0.000000e+00
1.842000e+02 1.056714e-23 1.056714e-23 0.000000e+00
1.852000e+02 7.811276e-24 7.811276e-24 0.000000e+00
1.862000e+02 6.065163e-24 6.065163e-24 0.000000e+00
1.872000e+02 4.706815e-24 4.706815e-24 0.000000e+00
1.882000e+02 3.718226e-24 3.718226e-24 0.000000e+00
1.892000e+02 2.947526e-24 2.947526e-24 0.000000e+00
1.902000e+02 2.250685e-24 2.250685e-24 0.000000e+00
1.912000e+02 1.675563e-24 1.675563e-24 0.000000e+00
1.922000e+02 1.299696e-24 1.299696e-24 0.000000e+00
1.932000e+02 1.003461e-24 1.003461e-24 0.000000e+00
1.942000e+02 7.580232e-25 7.580232e-25 0.000000e+00
1.952000e+02 5.651342e-25 5.651342e-25 0.000000e+00
1.962000e+02 4.269518e-25 4.269518e-25 0.000000e+00
1.972000e+02 3.178521e-25 3.178521e-25 0.000000e+00
1.982000e+02 2.418069e-25 2.418069e-25 0.000000e+00
1.992000e+02 1.774391e-25 1.774391e-25 0.000000e+00
2.002000e+02 1.328370e-25 1.328370e-25 0.000000e+00
2.012000e+02 9.580411e-26 9.580411e-26 0.000000e+00
2.022000e+02 7.071592e-26 7.071592e-26 0.000000e+00
2.032000e+02 5.638039e-26 5.638039e-26 0.000000e+00
2.042000e+02 6.915603e-26 6.915603e-26 0.000000e+00
2.052000e+02 7.796894e-26 7.796894e-26 0.000000e+00
2.062000e+02 1.103205e-25 1.103205e-25 0.000000e+00
2.072000e+02 1.685081e-25 1.685081e-25 0.000000e+00
2.082000e+02 2.223524e-25 2.223524e-25 0.000000e+00
2.092000e+02 3.078367e-25 3.078367e-25 0.000000e+00
2.102000e+02 4.914317e-25 4.914317e-25 0.000000e+00
2.112000e+02 7.507885e-25 7.507885e-25 0.000000e+00
2.122000e+02 1.020111e-24 1.020111e-24 0.000000e+00
2.132000e+02 1.427655e-24 1.427655e-24 0.000000e+00
2.142000e+02 2.228632e-24 2.228632e-24 0.000000e+00
2.152000e+02 3.029609e-24 3.029609e-24 0.000000e+00
2.162000e+02 3.830586e-24 3.830586e-24 0.000000e+00
2.172000e+02 5.010623e-24 5.010623e-24 0.000000e+00
2.182000e+02 7.724347e-24 7.724347e-24 0.000000e+00
2.192000e+02 1.050786e-23 1.050786e-23 0.000000e+00
2.202000e+02 1.329137e-23 1.329137e-23 0.000000e+00
2.212000e+02 1.627550e-23 1.627550e-23 0.000000e+00
2.222000e+02 1.544386e-23 1.544386e-23 0.000000e+00
2.232000e+02 4.056020e-26 4.056020e-26 0.000000e+00
2.242000e+02 2.433612e-25 2.433612e-25 0.000000e+00
2.252000e+02 4.461622e-25 4.461622e-25 0.000000e+00
2.262000e+02 6.489631e-25 6.489631e-25 0.000000e+00
2.272000e+02 8.517641e-25 8.517641e-25 0.000000e+00
2.282000e+02 1.054565e-24 1.054565e-24 0.000000e+00
2.292000e+02 1.257366e-24 1.257366e-24 0.000000e+00
2.302000e+02 1.460167e-24 1.460167e-24 0.000000e+00
2.312000e+02 1.662968e-24 1.662968e-24 0.000000e+00
2.322000e+02 1.865769e-24 1.865769e-24 0.000000e+00
2.332000e+02 7.052958e-24 7.052958e-24 0.000000e+00
2.342000e+02 1.288053e-22 1.288053e-22 0.000000e+00
2.352000e+02 9.188742e-24 9.188742e-24 0.000000e+00
2.362000e+02 1.706906e-25 1.706906e-25 0.000000e+00
2.372000e+02 9.554276e-23 9.554276e-23 0.000000e+00
2.382000e+02 2.120852e-22 2.120852e-22 0.000000e+00
2.392000e+02 1.839006e-24 1.839006e-24 0.000000e+00
2.402000e+02 9.868819e-28 9.868819e-28 0.000000e+00
2.412000e+02 1.283609e-23 1.283609e-23 0.000000e+00
2.422000e+02 6.961059e-22 6.961059e-22 0.000000e+00
2.432000e+02 1.474612e-22 1.474612e-22 0.000000e+00
2.442000e+02 1.220227e-25 1.220227e-25 0.000000e+00
2.452000e+02 1.746558e-29 1.746558e-29 0.000000e+00
2.462000e+02 1.976302e-24 1.976302e-24 0.000000e+00
2.472000e+02 8.937243e-22 8.937243e-22 0.000000e+00
2.482000e+02 1.578752e-21 1.578752e-21 0.000000e+00
2.492000e+02 1.089392e-23 1.089392e-23 0.000000e+00
2.502000e+02 2.936397e-28 2.936397e-28 0.000000e+00
2.512000e+02 2.969825e-30 2.969825e-30 0.000000e+00
2.522000e+02 1.030153e-24 1.030153e-24 0.000000e+00
2.532000e+02 1.395844e-21 1.395844e-21 0.000000e+00
2.542000e+02 7.388094e-21 7.388094e-21 0.000000e+00
2.552000e+02 1.527523e-22 1.527523e-22 0.000000e+00
2.562000e+02 1.233682e-26 1.233682e-26 0.000000e+00
2.572000e+02 3.892053e-33 3.892053e-33 0.000000e+00
2.582000e+02 1.792419e-31 1.792419e-31 0.000000e+00
2.592000e+02 2.567091e-25 2.567091e-25 0.000000e+00
2.602000e+02 1.436161e-21 1.436161e-21 0.000000e+00
2.612000e+02 3.138521e-20 3.138521e-20 0.000000e+00
2.622000e+02 2.679212e-21 2.679212e-21 0.000000e+00
2.632000e+02 8.934063e-25 8.934063e-25 0.000000e+00
2.642000e+02 1.163727e-30 1.163727e-30 0.000000e+00
2.652000e+02 6.030144e-39 6.030144e-39 0.000000e+00
2.662000e+02 7.893364e-32 7.893364e-32 0.000000e+00
2.672000e+02 2.234920e-25 2.234920e-25 0.000000e+00
2.682000e+02 2.471849e-21 2.471849e-21 0.000000e+00
2.692000e+02 1.067928e-19 1.067928e-19 0.000000e+00
2.702000e+02 1.802279e-20 1.802279e-20 0.000000e+00
2.712000e+02 1.188125e-23 1.188125e-23 0.000000e+00
2.722000e+02 3.059582e-29 3.059582e-29 0.000000e+00
2.732000e+02 3.077671e-37 3.077671e-37 0.000000e+00
2.742000e+02 2.244292e-45 2.244292e-45 0.000000e+00
2.752000e+02 2.525665e-35 2.525665e-35 0.000000e+00
2.762000e+02 1.116294e-27 1.116294e-27 0.000000e+00
2.772000e+02 1.927267e-22 1.927267e-22 0.000000e+00
2.782000e+02 1.299765e-19 1.299765e-19 0.000000e+00
2.792000e+02 3.424112e-19 3.424112e-19 0.000000e+00
2.802000e+02 3.523636e-21 3.523636e-21 0.000000e+00
2.812000e+02 1.416427e-25 1.416427e-25 0.000000e+00
2.822000e+02 2.224116e-32 2.224116e-32 0.000000e+00
2.832000e+02 1.364208e-41 1.364208e-41 0.000000e+00
2.842000e+02 3.279782e-53 3.279782e-53 0.000000e+00
2.852000e+02 1.658975e-43 1.658975e-43 0.000000e+00
2.862000e+02 9.628068e-34 9.628068e-34 0.000000e+00
2.872000e+02 2.182722e-26 2.182722e-26 0.000000e+00
2.882000e+02 1.932937e-21 1.932937e-21 0.000000e+00
2.892000e+02 6.686474e-19 6.686474e-19 0.000000e+00
2.902000e+02 9.035175e-19 9.035175e-19 0.000000e+00
2.912000e+02 4.769095e-21 4.769095e-21 0.000000e+00
2.922000e+02 9.833214e-26 9.833214e-26 0.000000e+00
2.932000e+02 7.919814e-33 7.919814e-33 0.000000e+00
2.942000e+02 2.491693e-42 2.491693e-42 0.000000e+00
2.952000e+02 3.062204e-54 3.062204e-54 0.000000e+00
2.962000e+02 4.186345e-62 4.186345e-62 0.000000e+00
2.972000e+02 9.715002e-49 9.715002e-49 0.000000e+00
2.982000e+02 8.806655e-38 8.806655e-38 0.000000e+00
2.992000e+02 3.118453e-29 3.118453e-29 0.000000e+00
3.002000e+02 4.313475e-23 4.313475e-23 0.000000e+00
3.012000e+02 2.330642e-19 2.330642e-19 0.000000e+00
3.022000e+02 4.919078e-18 4.919078e-18 0.000000e+00
3.032000e+02 4.055571e-19 4.055571e-19 0.000000e+00
3.042000e+02 1.306112e-22 1.306112e-22 0.000000e+00
3.052000e+02 1.643118e-28 1.643118e-28 0.000000e+00
3.062000e+02 8.074526e-37 8.074526e-37 0.000000e+00
3.072000e+02 1.549978e-47 1.549978e-47 0.000000e+00
3.082000e+02 1.162235e-60 1.162235e-60 0.000000e+00
3.092000e+02 3.404511e-76 3.404511e-76 0.000000e+00
3.102000e+02 3.721800e-64 3.721800e-64 0.000000e+00
3.112000e+02 2.140781e-50 2.140781e-50 0.000000e+00
3.122000e+02 4.810069e-39 4.810069e-39 0.000000e+00
3.132000e+02 4.221731e-30 4.221731e-30 0.000000e+00
3.142000e+02 1.447404e-23 1.447404e-23 0.000000e+00
3.152000e+02 1.938425e-19 1.938425e-19 0.000000e+00
3.162000e+02 1.014071e-17 1.014071e-17 0.000000e+00
3.172000e+02 2.072277e-18 2.072277e-18 0.000000e+00
3.182000e+02 1.654197e-21 1.654197e-21 0.000000e+00
3.192000e+02 5.158062e-27 5.158062e-27 0.000000e+00
3.202000e+02 6.282696e-35 1.735845e-43 0.000000e+00
3.212000e+02 2.989273e-45 0.000000e+00 0.000000e+00
3.222000e+02 5.555780e-58 0.000000e+00 0.000000e+00
3.232000e+02 4.033524e-73 0.000000e+00 0.000000e+00
3.242000e+02 1.143890e-90 0.000000e+00 0.000000e+00
3.252000e+02 1.844053e-103 0.000000e+00 0.000000e+00
3.262000e+02 2.566406e-84 0.000000e+00 0.000000e+00
3.272000e+02 1.395203e-67 0.000000e+00 0.000000e+00
3.282000e+02 2.962848e-53 0.000000e+00 0.000000e+00
3.292000e+02 2.457771e-41 0.000000e+00 0.000000e+00
3.302000e+02 7.964043e-32 0.000000e+00 0.000000e+00
3.312000e+02 1.008059e-24 0.000000e+00 0.000000e+00
3.322000e+02 4.984228e-20 0.000000e+00 0.000000e+00
3.332000e+02 9.626539e-18 0.000000e+00 0.000000e+00
3.342000e+02 7.262772e-18 0.000000e+00 0.000000e+00
3.352000e+02 2.140399e-20 0.000000e+00 0.000000e+00
3.362000e+02 2.464036e-25 0.000000e+00 0.000000e+00
3.372000e+02 1.108050e-32 0.000000e+00 0.000000e+00
3.382000e+02 1.946399e-42 0.000000e+00 0.000000e+00
3.392000e+02 1.335563e-54 0.000000e+00 0.000000e+00
3.402000e+02 0.000000e+00 0.000000e+00 0.000000e+00
3.412000e+02 0.000000e+00 0.000000e+00 0.000000e+00
3.422000e+02 0.000000e+00 0.000000e+00 0.000000e+00
3.432000e+02 0.000000e+00 0.000000e+00 0.000000e+00
3.442000e+02 0.000000e+00 0.000000e+00 0.000000e+00
3.452000e+02 0.000000e+00 0.000000e+00 0.000000e+00
3.462000e+02 0.000000e+00 0.000000e+00 0.000000e+00
3.472000e+02 0.000000e+00 0.000000e+00 0.000000e+00
3.482000e+02 0.000000e+00 0.000000e+00 0.000000e+00
3.492000e+02 0.000000e+00 0.000000e+00 0.000000e+00
3.502000e+02 0.000000e+00 0.000000e+00 0.000000e+00
3.512000e+02 0.000000e+00 0.000000e+00 0.000000e+00
3.522000e+02 0.000000e+00 0.000000e+00 0.000000e+00
3.532000e+02 0.000000e+00 0.000000e+00 0.000000e+00
3.542000e+02 0.000000e+00 0.000000e+00 0.000000e+00
3.552000e+02 0.000000e+00 0.000000e+00 0.000000e+00
3.562000e+02 0.000000e+00 0.000000e+00 0.000000e+00
3.572000e+02 0.000000e+00 0.000000e+00 0.000000e+00
3.582000e+02 0.000000e+00 0.000000e+00 0.000000e+00
3.592000e+02 0.000000e+00 0.000000e+00 0.000000e+00
3.602000e+02 0.000000e+00 0.000000e+00 0.000000e+00
3.612000e+02 0.000000e+00 0.000000e+00 0.000000e+00
3.622000e+02 0.000000e+00 0.000000e+00 0.000000e+00
3.632000e+02 0.000000e+00 0.000000e+00 0.000000e+00
3.642000e+02 0.000000e+00 0.000000e+00 0.000000e+00
3.652000e+02 0.000000e+00 0.000000e+00 0.000000e+00
3.662000e+02 0.000000e+00 0.000000e+00 0.000000e+00
3.672000e+02 0.000000e+00 0.000000e+00 0.000000e+00
3.682000e+02 0.000000e+00 0.000000e+00 0.000000e+00
3.692000e+02 0.000000e+00 0.000000e+00 0.000000e+00
3.702000e+02 0.000000e+00 0.000000e+00 0.000000e+00
3.712000e+02 0.000000e+00 0.000000e+00 0.000000e+00
3.722000e+02 0.000000e+00 0.000000e+00 0.000000e+00
3.732000e+02 0.000000e+00 0.000000e+00 0.000000e+00
3.742000e+02 0.000000e+00 0.000000e+00 0.000000e+00
3.752000e+02 0.000000e+00 0.000000e+00 0.000000e+00
3.762000e+02 0.000000e+00 0.000000e+00 0.000000e+00
3.772000e+02 0.000000e+00 0.000000e+00 0.000000e+00
3.782000e+02 0.000000e+00 0.000000e+00 0.000000e+00
3.792000e+02 0.000000e+00 0.000000e+00 0.000000e+00
3.802000e+02 0.000000e+00 0.000000e+00 0.000000e+00
3.812000e+02 0.000000e+00 0.000000e+00 0.000000e+00
3.822000e+02 0.000000e+00 0.000000e+00 0.000000e+00
3.832000e+02 0.000000e+00 0.000000e+00 0.000000e+00
3.842000e+02 0.000000e+00 0.000000e+00 0.000000e+00
3.852000e+02 0.000000e+00 0.000000e+00 0.000000e+00
3.862000e+02 0.000000e+00 0.000000e+00 0.000000e+00
3.872000e+02 0.000000e+00 0.000000e+00 0.000000e+00
3.882000e+02 0.000000e+00 0.000000e+00 0.000000e+00
3.892000e+02 0.000000e+00 0.000000e+00 0.000000e+00
3.902000e+02 0.000000e+00 0.000000e+00 0.000000e+00
3.912000e+02 0.000000e+00 0.000000e+00 0.000000e+00
3.922000e+02 0.000000e+00 0.000000e+00 0.000000e+00
3.932000e+02 0.000000e+00 0.000000e+00 0.000000e+00
3.942000e+02 0.000000e+00 0.000000e+00 0.000000e+00
3.952000e+02 0.000000e+00 0.000000e+00 0.000000e+00
3.962000e+02 0.000000e+00 0.000000e+00 0.000000e+00
3.972000e+02 0.000000e+00 0.000000e+00 0.000000e+00
3.982000e+02 0.000000e+00 0.000000e+00 0.000000e+00
3.992000e+02 0.000000e+00 0.000000e+00 0.000000e+00
