# SO cross sections
# #photoabsorption   -- Photoabsorption cross section (cm2)
# #photodissociation -- Photodissociation cross section (cm2)
# #photoionisation   -- Photoionisation cross section (cm2)
# #This version has been resampled to a uniform 0.1nm grid while maintaining a constant integrated cross section (using trapezoidal integration).
# #wavelength photoabsorption photodissociation photoionisation
9.120000e+01 0.000000e+00 0.000000e+00 0.000000e+00
9.220000e+01 0.000000e+00 0.000000e+00 0.000000e+00
9.320000e+01 0.000000e+00 0.000000e+00 0.000000e+00
9.420000e+01 0.000000e+00 0.000000e+00 0.000000e+00
9.520000e+01 0.000000e+00 0.000000e+00 0.000000e+00
9.620000e+01 0.000000e+00 0.000000e+00 0.000000e+00
9.720000e+01 0.000000e+00 0.000000e+00 0.000000e+00
9.820000e+01 0.000000e+00 0.000000e+00 0.000000e+00
9.920000e+01 0.000000e+00 0.000000e+00 0.000000e+00
1.002000e+02 0.000000e+00 0.000000e+00 0.000000e+00
1.012000e+02 0.000000e+00 0.000000e+00 0.000000e+00
1.022000e+02 0.000000e+00 0.000000e+00 0.000000e+00
1.032000e+02 4.162548e-17 0.000000e+00 4.162548e-17
1.042000e+02 4.390029e-17 0.000000e+00 4.390029e-17
1.052000e+02 4.516717e-17 0.000000e+00 4.516717e-17
1.062000e+02 4.069910e-17 0.000000e+00 4.069910e-17
1.072000e+02 2.074186e-17 0.000000e+00 2.074186e-17
1.082000e+02 2.876264e-17 0.000000e+00 2.876264e-17
1.092000e+02 2.773848e-17 0.000000e+00 2.773848e-17
1.102000e+02 2.389904e-17 0.000000e+00 2.389904e-17
1.112000e+02 1.791939e-17 0.000000e+00 1.791939e-17
1.122000e+02 1.422015e-17 0.000000e+00 1.422015e-17
1.132000e+02 1.061973e-17 0.000000e+00 1.061973e-17
1.142000e+02 9.127598e-18 0.000000e+00 9.127598e-18
1.152000e+02 7.288203e-18 0.000000e+00 7.288203e-18
1.162000e+02 9.791255e-17 8.951080e-17 8.401745e-18
1.172000e+02 1.044365e-16 9.883433e-17 5.602156e-18
1.182000e+02 9.904869e-17 9.440846e-17 4.640232e-18
1.192000e+02 1.036952e-16 1.019845e-16 1.710709e-18
1.202000e+02 1.243159e-16 1.223925e-16 1.923397e-18
1.212000e+02 1.185676e-16 1.185676e-16 0.000000e+00
1.222000e+02 1.242501e-16 1.242501e-16 0.000000e+00
1.232000e+02 1.372664e-16 1.372664e-16 0.000000e+00
1.242000e+02 1.520239e-16 1.520239e-16 0.000000e+00
1.252000e+02 1.509397e-16 1.509397e-16 0.000000e+00
1.262000e+02 1.683639e-16 1.683639e-16 0.000000e+00
1.272000e+02 1.566457e-16 1.566457e-16 0.000000e+00
1.282000e+02 1.057610e-16 1.057610e-16 0.000000e+00
1.292000e+02 6.723363e-17 6.723363e-17 0.000000e+00
1.302000e+02 5.330643e-17 5.330643e-17 0.000000e+00
1.312000e+02 4.571767e-17 4.571767e-17 0.000000e+00
1.322000e+02 4.791958e-17 4.791958e-17 0.000000e+00
1.332000e+02 1.963528e-17 1.963528e-17 0.000000e+00
1.342000e+02 1.436940e-17 1.436940e-17 0.000000e+00
1.352000e+02 1.190594e-17 1.190594e-17 0.000000e+00
1.362000e+02 9.442469e-18 9.442469e-18 0.000000e+00
1.372000e+02 6.979002e-18 6.979002e-18 0.000000e+00
1.382000e+02 4.515535e-18 4.515535e-18 0.000000e+00
1.392000e+02 2.052068e-18 2.052068e-18 0.000000e+00
1.402000e+02 0.000000e+00 0.000000e+00 0.000000e+00
1.412000e+02 0.000000e+00 0.000000e+00 0.000000e+00
1.422000e+02 0.000000e+00 0.000000e+00 0.000000e+00
1.432000e+02 0.000000e+00 0.000000e+00 0.000000e+00
1.442000e+02 0.000000e+00 0.000000e+00 0.000000e+00
1.452000e+02 0.000000e+00 0.000000e+00 0.000000e+00
1.462000e+02 0.000000e+00 0.000000e+00 0.000000e+00
1.472000e+02 0.000000e+00 0.000000e+00 0.000000e+00
1.482000e+02 0.000000e+00 0.000000e+00 0.000000e+00
1.492000e+02 0.000000e+00 0.000000e+00 0.000000e+00
1.502000e+02 0.000000e+00 0.000000e+00 0.000000e+00
1.512000e+02 0.000000e+00 0.000000e+00 0.000000e+00
1.522000e+02 0.000000e+00 0.000000e+00 0.000000e+00
1.532000e+02 0.000000e+00 0.000000e+00 0.000000e+00
1.542000e+02 0.000000e+00 0.000000e+00 0.000000e+00
1.552000e+02 0.000000e+00 0.000000e+00 0.000000e+00
1.562000e+02 0.000000e+00 0.000000e+00 0.000000e+00
1.572000e+02 0.000000e+00 0.000000e+00 0.000000e+00
1.582000e+02 0.000000e+00 0.000000e+00 0.000000e+00
1.592000e+02 0.000000e+00 0.000000e+00 0.000000e+00
1.602000e+02 0.000000e+00 0.000000e+00 0.000000e+00
1.612000e+02 0.000000e+00 0.000000e+00 0.000000e+00
1.622000e+02 0.000000e+00 0.000000e+00 0.000000e+00
1.632000e+02 0.000000e+00 0.000000e+00 0.000000e+00
1.642000e+02 0.000000e+00 0.000000e+00 0.000000e+00
1.652000e+02 0.000000e+00 0.000000e+00 0.000000e+00
1.662000e+02 0.000000e+00 0.000000e+00 0.000000e+00
1.672000e+02 0.000000e+00 0.000000e+00 0.000000e+00
1.682000e+02 0.000000e+00 0.000000e+00 0.000000e+00
1.692000e+02 0.000000e+00 0.000000e+00 0.000000e+00
1.702000e+02 0.000000e+00 0.000000e+00 0.000000e+00
1.712000e+02 0.000000e+00 0.000000e+00 0.000000e+00
1.722000e+02 0.000000e+00 0.000000e+00 0.000000e+00
1.732000e+02 0.000000e+00 0.000000e+00 0.000000e+00
1.742000e+02 0.000000e+00 0.000000e+00 0.000000e+00
1.752000e+02 0.000000e+00 0.000000e+00 0.000000e+00
1.762000e+02 0.000000e+00 0.000000e+00 0.000000e+00
1.772000e+02 0.000000e+00 0.000000e+00 0.000000e+00
1.782000e+02 0.000000e+00 0.000000e+00 0.000000e+00
1.792000e+02 0.000000e+00 0.000000e+00 0.000000e+00
1.802000e+02 1.960302e-19 1.960302e-19 0.000000e+00
1.812000e+02 1.369863e-18 1.369863e-18 0.000000e+00
1.822000e+02 2.543697e-18 2.543697e-18 0.000000e+00
1.832000e+02 3.717530e-18 3.717530e-18 0.000000e+00
1.842000e+02 4.891363e-18 4.891363e-18 0.000000e+00
1.852000e+02 6.065197e-18 6.065197e-18 0.000000e+00
1.862000e+02 7.239030e-18 7.239030e-18 0.000000e+00
1.872000e+02 8.412863e-18 8.412863e-18 0.000000e+00
1.882000e+02 9.586697e-18 9.586697e-18 0.000000e+00
1.892000e+02 1.076053e-17 1.076053e-17 0.000000e+00
1.902000e+02 1.193436e-17 1.193436e-17 0.000000e+00
1.912000e+02 7.741776e-18 7.741776e-18 0.000000e+00
1.922000e+02 1.038665e-17 1.038665e-17 0.000000e+00
1.932000e+02 1.172467e-17 1.172467e-17 0.000000e+00
1.942000e+02 1.268331e-17 1.268331e-17 0.000000e+00
1.952000e+02 8.068896e-18 8.068896e-18 0.000000e+00
1.962000e+02 1.517871e-17 1.517871e-17 0.000000e+00
1.972000e+02 1.194753e-17 1.194753e-17 0.000000e+00
1.982000e+02 1.074400e-17 1.074400e-17 0.000000e+00
1.992000e+02 1.415465e-17 1.415465e-17 0.000000e+00
2.002000e+02 1.738581e-17 1.738581e-17 0.000000e+00
2.012000e+02 1.014363e-17 1.014363e-17 0.000000e+00
2.022000e+02 1.862012e-17 1.862012e-17 0.000000e+00
2.032000e+02 8.901781e-18 8.901781e-18 0.000000e+00
2.042000e+02 8.797856e-18 8.797856e-18 0.000000e+00
2.052000e+02 1.201154e-17 1.201154e-17 0.000000e+00
2.062000e+02 6.608883e-18 6.608883e-18 0.000000e+00
2.072000e+02 4.063440e-18 4.063440e-18 0.000000e+00
2.082000e+02 7.852729e-18 7.852729e-18 0.000000e+00
2.092000e+02 3.268604e-18 3.268604e-18 0.000000e+00
2.102000e+02 1.091748e-17 1.091748e-17 0.000000e+00
2.112000e+02 1.879940e-18 1.879940e-18 0.000000e+00
2.122000e+02 1.326865e-17 1.326865e-17 0.000000e+00
2.132000e+02 2.889648e-18 2.889648e-18 0.000000e+00
2.142000e+02 3.070954e-18 3.070954e-18 0.000000e+00
2.152000e+02 4.328849e-18 4.328849e-18 0.000000e+00
2.162000e+02 7.619503e-19 7.619503e-19 0.000000e+00
2.172000e+02 8.430073e-18 8.430073e-18 0.000000e+00
2.182000e+02 1.035796e-18 1.035796e-18 0.000000e+00
2.192000e+02 8.123058e-19 8.123058e-19 0.000000e+00
2.202000e+02 3.212226e-18 3.212226e-18 0.000000e+00
2.212000e+02 1.046524e-18 1.046524e-18 0.000000e+00
2.222000e+02 1.228084e-18 1.228084e-18 0.000000e+00
2.232000e+02 1.129163e-18 1.129163e-18 0.000000e+00
2.242000e+02 7.773222e-19 7.773222e-19 0.000000e+00
2.252000e+02 3.169693e-19 3.169693e-19 0.000000e+00
2.262000e+02 3.870028e-19 3.870028e-19 0.000000e+00
2.272000e+02 6.348441e-19 6.348441e-19 0.000000e+00
2.282000e+02 8.200082e-19 8.200082e-19 0.000000e+00
2.292000e+02 6.562268e-19 6.562268e-19 0.000000e+00
2.302000e+02 9.545575e-19 9.545575e-19 0.000000e+00
2.312000e+02 6.579217e-19 6.579217e-19 0.000000e+00
2.322000e+02 8.353528e-19 8.353528e-19 0.000000e+00
2.332000e+02 5.045904e-19 5.045904e-19 0.000000e+00
2.342000e+02 5.419776e-19 5.419776e-19 0.000000e+00
2.352000e+02 0.000000e+00 0.000000e+00 0.000000e+00
2.362000e+02 0.000000e+00 0.000000e+00 0.000000e+00
2.372000e+02 0.000000e+00 0.000000e+00 0.000000e+00
2.382000e+02 0.000000e+00 0.000000e+00 0.000000e+00
2.392000e+02 0.000000e+00 0.000000e+00 0.000000e+00
2.402000e+02 0.000000e+00 0.000000e+00 0.000000e+00
2.412000e+02 0.000000e+00 0.000000e+00 0.000000e+00
2.422000e+02 0.000000e+00 0.000000e+00 0.000000e+00
2.432000e+02 0.000000e+00 0.000000e+00 0.000000e+00
2.442000e+02 0.000000e+00 0.000000e+00 0.000000e+00
2.452000e+02 0.000000e+00 0.000000e+00 0.000000e+00
2.462000e+02 0.000000e+00 0.000000e+00 0.000000e+00
2.472000e+02 0.000000e+00 0.000000e+00 0.000000e+00
2.482000e+02 0.000000e+00 0.000000e+00 0.000000e+00
2.492000e+02 0.000000e+00 0.000000e+00 0.000000e+00
2.502000e+02 0.000000e+00 0.000000e+00 0.000000e+00
2.512000e+02 0.000000e+00 0.000000e+00 0.000000e+00
2.522000e+02 0.000000e+00 0.000000e+00 0.000000e+00
2.532000e+02 0.000000e+00 0.000000e+00 0.000000e+00
2.542000e+02 0.000000e+00 0.000000e+00 0.000000e+00
2.552000e+02 0.000000e+00 0.000000e+00 0.000000e+00
2.562000e+02 0.000000e+00 0.000000e+00 0.000000e+00
2.572000e+02 0.000000e+00 0.000000e+00 0.000000e+00
2.582000e+02 0.000000e+00 0.000000e+00 0.000000e+00
2.592000e+02 0.000000e+00 0.000000e+00 0.000000e+00
2.602000e+02 0.000000e+00 0.000000e+00 0.000000e+00
2.612000e+02 0.000000e+00 0.000000e+00 0.000000e+00
2.622000e+02 0.000000e+00 0.000000e+00 0.000000e+00
2.632000e+02 0.000000e+00 0.000000e+00 0.000000e+00
2.642000e+02 0.000000e+00 0.000000e+00 0.000000e+00
2.652000e+02 0.000000e+00 0.000000e+00 0.000000e+00
2.662000e+02 0.000000e+00 0.000000e+00 0.000000e+00
2.672000e+02 0.000000e+00 0.000000e+00 0.000000e+00
2.682000e+02 0.000000e+00 0.000000e+00 0.000000e+00
2.692000e+02 0.000000e+00 0.000000e+00 0.000000e+00
2.702000e+02 0.000000e+00 0.000000e+00 0.000000e+00
2.712000e+02 0.000000e+00 0.000000e+00 0.000000e+00
2.722000e+02 0.000000e+00 0.000000e+00 0.000000e+00
2.732000e+02 0.000000e+00 0.000000e+00 0.000000e+00
2.742000e+02 0.000000e+00 0.000000e+00 0.000000e+00
2.752000e+02 0.000000e+00 0.000000e+00 0.000000e+00
2.762000e+02 0.000000e+00 0.000000e+00 0.000000e+00
2.772000e+02 0.000000e+00 0.000000e+00 0.000000e+00
2.782000e+02 0.000000e+00 0.000000e+00 0.000000e+00
2.792000e+02 0.000000e+00 0.000000e+00 0.000000e+00
2.802000e+02 0.000000e+00 0.000000e+00 0.000000e+00
2.812000e+02 0.000000e+00 0.000000e+00 0.000000e+00
2.822000e+02 0.000000e+00 0.000000e+00 0.000000e+00
2.832000e+02 0.000000e+00 0.000000e+00 0.000000e+00
2.842000e+02 0.000000e+00 0.000000e+00 0.000000e+00
2.852000e+02 0.000000e+00 0.000000e+00 0.000000e+00
2.862000e+02 0.000000e+00 0.000000e+00 0.000000e+00
2.872000e+02 0.000000e+00 0.000000e+00 0.000000e+00
2.882000e+02 0.000000e+00 0.000000e+00 0.000000e+00
2.892000e+02 0.000000e+00 0.000000e+00 0.000000e+00
2.902000e+02 0.000000e+00 0.000000e+00 0.000000e+00
2.912000e+02 0.000000e+00 0.000000e+00 0.000000e+00
2.922000e+02 0.000000e+00 0.000000e+00 0.000000e+00
2.932000e+02 0.000000e+00 0.000000e+00 0.000000e+00
2.942000e+02 0.000000e+00 0.000000e+00 0.000000e+00
2.952000e+02 0.000000e+00 0.000000e+00 0.000000e+00
2.962000e+02 0.000000e+00 0.000000e+00 0.000000e+00
2.972000e+02 0.000000e+00 0.000000e+00 0.000000e+00
2.982000e+02 0.000000e+00 0.000000e+00 0.000000e+00
2.992000e+02 0.000000e+00 0.000000e+00 0.000000e+00
3.002000e+02 0.000000e+00 0.000000e+00 0.000000e+00
3.012000e+02 0.000000e+00 0.000000e+00 0.000000e+00
3.022000e+02 0.000000e+00 0.000000e+00 0.000000e+00
3.032000e+02 0.000000e+00 0.000000e+00 0.000000e+00
3.042000e+02 0.000000e+00 0.000000e+00 0.000000e+00
3.052000e+02 0.000000e+00 0.000000e+00 0.000000e+00
3.062000e+02 0.000000e+00 0.000000e+00 0.000000e+00
3.072000e+02 0.000000e+00 0.000000e+00 0.000000e+00
3.082000e+02 0.000000e+00 0.000000e+00 0.000000e+00
3.092000e+02 0.000000e+00 0.000000e+00 0.000000e+00
3.102000e+02 0.000000e+00 0.000000e+00 0.000000e+00
3.112000e+02 0.000000e+00 0.000000e+00 0.000000e+00
3.122000e+02 0.000000e+00 0.000000e+00 0.000000e+00
3.132000e+02 0.000000e+00 0.000000e+00 0.000000e+00
3.142000e+02 0.000000e+00 0.000000e+00 0.000000e+00
3.152000e+02 0.000000e+00 0.000000e+00 0.000000e+00
3.162000e+02 0.000000e+00 0.000000e+00 0.000000e+00
3.172000e+02 0.000000e+00 0.000000e+00 0.000000e+00
3.182000e+02 0.000000e+00 0.000000e+00 0.000000e+00
3.192000e+02 0.000000e+00 0.000000e+00 0.000000e+00
3.202000e+02 0.000000e+00 0.000000e+00 0.000000e+00
3.212000e+02 0.000000e+00 0.000000e+00 0.000000e+00
3.222000e+02 0.000000e+00 0.000000e+00 0.000000e+00
3.232000e+02 0.000000e+00 0.000000e+00 0.000000e+00
3.242000e+02 0.000000e+00 0.000000e+00 0.000000e+00
3.252000e+02 0.000000e+00 0.000000e+00 0.000000e+00
3.262000e+02 0.000000e+00 0.000000e+00 0.000000e+00
3.272000e+02 0.000000e+00 0.000000e+00 0.000000e+00
3.282000e+02 0.000000e+00 0.000000e+00 0.000000e+00
3.292000e+02 0.000000e+00 0.000000e+00 0.000000e+00
3.302000e+02 0.000000e+00 0.000000e+00 0.000000e+00
3.312000e+02 0.000000e+00 0.000000e+00 0.000000e+00
3.322000e+02 0.000000e+00 0.000000e+00 0.000000e+00
3.332000e+02 0.000000e+00 0.000000e+00 0.000000e+00
3.342000e+02 0.000000e+00 0.000000e+00 0.000000e+00
3.352000e+02 0.000000e+00 0.000000e+00 0.000000e+00
3.362000e+02 0.000000e+00 0.000000e+00 0.000000e+00
3.372000e+02 0.000000e+00 0.000000e+00 0.000000e+00
3.382000e+02 0.000000e+00 0.000000e+00 0.000000e+00
3.392000e+02 0.000000e+00 0.000000e+00 0.000000e+00
3.402000e+02 0.000000e+00 0.000000e+00 0.000000e+00
3.412000e+02 0.000000e+00 0.000000e+00 0.000000e+00
3.422000e+02 0.000000e+00 0.000000e+00 0.000000e+00
3.432000e+02 0.000000e+00 0.000000e+00 0.000000e+00
3.442000e+02 0.000000e+00 0.000000e+00 0.000000e+00
3.452000e+02 0.000000e+00 0.000000e+00 0.000000e+00
3.462000e+02 0.000000e+00 0.000000e+00 0.000000e+00
3.472000e+02 0.000000e+00 0.000000e+00 0.000000e+00
3.482000e+02 0.000000e+00 0.000000e+00 0.000000e+00
3.492000e+02 0.000000e+00 0.000000e+00 0.000000e+00
3.502000e+02 0.000000e+00 0.000000e+00 0.000000e+00
3.512000e+02 0.000000e+00 0.000000e+00 0.000000e+00
3.522000e+02 0.000000e+00 0.000000e+00 0.000000e+00
3.532000e+02 0.000000e+00 0.000000e+00 0.000000e+00
3.542000e+02 0.000000e+00 0.000000e+00 0.000000e+00
3.552000e+02 0.000000e+00 0.000000e+00 0.000000e+00
3.562000e+02 0.000000e+00 0.000000e+00 0.000000e+00
3.572000e+02 0.000000e+00 0.000000e+00 0.000000e+00
3.582000e+02 0.000000e+00 0.000000e+00 0.000000e+00
3.592000e+02 0.000000e+00 0.000000e+00 0.000000e+00
3.602000e+02 0.000000e+00 0.000000e+00 0.000000e+00
3.612000e+02 0.000000e+00 0.000000e+00 0.000000e+00
3.622000e+02 0.000000e+00 0.000000e+00 0.000000e+00
3.632000e+02 0.000000e+00 0.000000e+00 0.000000e+00
3.642000e+02 0.000000e+00 0.000000e+00 0.000000e+00
3.652000e+02 0.000000e+00 0.000000e+00 0.000000e+00
3.662000e+02 0.000000e+00 0.000000e+00 0.000000e+00
3.672000e+02 0.000000e+00 0.000000e+00 0.000000e+00
3.682000e+02 0.000000e+00 0.000000e+00 0.000000e+00
3.692000e+02 0.000000e+00 0.000000e+00 0.000000e+00
3.702000e+02 0.000000e+00 0.000000e+00 0.000000e+00
3.712000e+02 0.000000e+00 0.000000e+00 0.000000e+00
3.722000e+02 0.000000e+00 0.000000e+00 0.000000e+00
3.732000e+02 0.000000e+00 0.000000e+00 0.000000e+00
3.742000e+02 0.000000e+00 0.000000e+00 0.000000e+00
3.752000e+02 0.000000e+00 0.000000e+00 0.000000e+00
3.762000e+02 0.000000e+00 0.000000e+00 0.000000e+00
3.772000e+02 0.000000e+00 0.000000e+00 0.000000e+00
3.782000e+02 0.000000e+00 0.000000e+00 0.000000e+00
3.792000e+02 0.000000e+00 0.000000e+00 0.000000e+00
3.802000e+02 0.000000e+00 0.000000e+00 0.000000e+00
3.812000e+02 0.000000e+00 0.000000e+00 0.000000e+00
3.822000e+02 0.000000e+00 0.000000e+00 0.000000e+00
3.832000e+02 0.000000e+00 0.000000e+00 0.000000e+00
3.842000e+02 0.000000e+00 0.000000e+00 0.000000e+00
3.852000e+02 0.000000e+00 0.000000e+00 0.000000e+00
3.862000e+02 0.000000e+00 0.000000e+00 0.000000e+00
3.872000e+02 0.000000e+00 0.000000e+00 0.000000e+00
3.882000e+02 0.000000e+00 0.000000e+00 0.000000e+00
3.892000e+02 0.000000e+00 0.000000e+00 0.000000e+00
3.902000e+02 0.000000e+00 0.000000e+00 0.000000e+00
3.912000e+02 0.000000e+00 0.000000e+00 0.000000e+00
3.922000e+02 0.000000e+00 0.000000e+00 0.000000e+00
3.932000e+02 0.000000e+00 0.000000e+00 0.000000e+00
3.942000e+02 0.000000e+00 0.000000e+00 0.000000e+00
3.952000e+02 0.000000e+00 0.000000e+00 0.000000e+00
3.962000e+02 0.000000e+00 0.000000e+00 0.000000e+00
3.972000e+02 0.000000e+00 0.000000e+00 0.000000e+00
3.982000e+02 0.000000e+00 0.000000e+00 0.000000e+00
3.992000e+02 0.000000e+00 0.000000e+00 0.000000e+00
