# SO2 cross sections
# #photoabsorption   -- Photoabsorption cross section (cm2)
# #photodissociation -- Photodissociation cross section (cm2)
# #photoionisation   -- Photoionisation cross section (cm2)
# #This version has been resampled to a uniform 0.1nm grid while maintaining a constant integrated cross section (using trapezoidal integration).
# #wavelength photoabsorption photodissociation photoionisation
9.120000e+01 4.876541e-17 1.252710e-17 3.623831e-17
9.220000e+01 4.943863e-17 1.732755e-17 3.211108e-17
9.320000e+01 5.047440e-17 2.132519e-17 2.914922e-17
9.420000e+01 4.960013e-17 2.279597e-17 2.680416e-17
9.520000e+01 4.963398e-17 2.522196e-17 2.441202e-17
9.620000e+01 4.511992e-17 2.429125e-17 2.082866e-17
9.720000e+01 4.347724e-17 2.435253e-17 1.912472e-17
9.820000e+01 4.199537e-17 2.427893e-17 1.771644e-17
9.920000e+01 4.008787e-17 2.601526e-17 1.407261e-17
1.002000e+02 3.985621e-17 3.093950e-17 8.916713e-18
1.012000e+02 3.640713e-17 3.622419e-17 1.829370e-19
1.022000e+02 3.200785e-17 3.191328e-17 9.456761e-20
1.032000e+02 2.760857e-17 2.760237e-17 6.198228e-21
1.042000e+02 2.501214e-17 2.501214e-17 0.000000e+00
1.052000e+02 2.255171e-17 2.255171e-17 0.000000e+00
1.062000e+02 2.051515e-17 2.051515e-17 0.000000e+00
1.072000e+02 2.093468e-17 2.093468e-17 0.000000e+00
1.082000e+02 1.352084e-17 1.352084e-17 0.000000e+00
1.092000e+02 1.444599e-17 1.444599e-17 0.000000e+00
1.102000e+02 1.651308e-17 1.651308e-17 0.000000e+00
1.112000e+02 2.804589e-17 2.804589e-17 0.000000e+00
1.122000e+02 2.765151e-17 2.765151e-17 0.000000e+00
1.132000e+02 2.586408e-17 2.586408e-17 0.000000e+00
1.142000e+02 2.635723e-17 2.635723e-17 0.000000e+00
1.152000e+02 9.051358e-18 9.051358e-18 0.000000e+00
1.162000e+02 8.690681e-18 8.690681e-18 0.000000e+00
1.172000e+02 8.447686e-18 8.447686e-18 0.000000e+00
1.182000e+02 1.080950e-17 1.080950e-17 0.000000e+00
1.192000e+02 1.627832e-17 1.627832e-17 0.000000e+00
1.202000e+02 2.721319e-17 2.721319e-17 0.000000e+00
1.212000e+02 3.934950e-17 3.934950e-17 0.000000e+00
1.222000e+02 3.992969e-17 3.992969e-17 0.000000e+00
1.232000e+02 5.092289e-17 5.092289e-17 0.000000e+00
1.242000e+02 7.310028e-17 7.310028e-17 0.000000e+00
1.252000e+02 1.230487e-16 1.230487e-16 0.000000e+00
1.262000e+02 9.528765e-17 9.528765e-17 0.000000e+00
1.272000e+02 6.292663e-17 6.292663e-17 0.000000e+00
1.282000e+02 3.007879e-17 3.007879e-17 0.000000e+00
1.292000e+02 1.689137e-17 1.689137e-17 0.000000e+00
1.302000e+02 1.118611e-17 1.118611e-17 0.000000e+00
1.312000e+02 1.540429e-17 1.540429e-17 0.000000e+00
1.322000e+02 1.147359e-17 1.147359e-17 0.000000e+00
1.332000e+02 7.297434e-18 7.297434e-18 0.000000e+00
1.342000e+02 3.416451e-18 3.416451e-18 0.000000e+00
1.352000e+02 3.080000e-18 3.080000e-18 0.000000e+00
1.362000e+02 3.108420e-18 3.108420e-18 0.000000e+00
1.372000e+02 3.281095e-18 3.281095e-18 0.000000e+00
1.382000e+02 3.488022e-18 3.488022e-18 0.000000e+00
1.392000e+02 3.793415e-18 3.793415e-18 0.000000e+00
1.402000e+02 3.543978e-18 3.543978e-18 0.000000e+00
1.412000e+02 3.711524e-18 3.711524e-18 0.000000e+00
1.422000e+02 4.182919e-18 4.182919e-18 0.000000e+00
1.432000e+02 4.027566e-18 4.027566e-18 0.000000e+00
1.442000e+02 4.199163e-18 4.199163e-18 0.000000e+00
1.452000e+02 4.046700e-18 4.046700e-18 0.000000e+00
1.462000e+02 4.555059e-18 4.555059e-18 0.000000e+00
1.472000e+02 5.476535e-18 5.476535e-18 0.000000e+00
1.482000e+02 5.784423e-18 5.784423e-18 0.000000e+00
1.492000e+02 4.753770e-18 4.753770e-18 0.000000e+00
1.502000e+02 5.165249e-18 5.165249e-18 0.000000e+00
1.512000e+02 5.811005e-18 5.811005e-18 0.000000e+00
1.522000e+02 4.044978e-18 4.044978e-18 0.000000e+00
1.532000e+02 3.583835e-18 3.583835e-18 0.000000e+00
1.542000e+02 4.763843e-18 4.763843e-18 0.000000e+00
1.552000e+02 3.762955e-18 3.762955e-18 0.000000e+00
1.562000e+02 2.288059e-18 2.288059e-18 0.000000e+00
1.572000e+02 2.761658e-18 2.761658e-18 0.000000e+00
1.582000e+02 2.113952e-18 2.113952e-18 0.000000e+00
1.592000e+02 1.337081e-18 1.337081e-18 0.000000e+00
1.602000e+02 1.189081e-18 1.189081e-18 0.000000e+00
1.612000e+02 8.719888e-19 8.719888e-19 0.000000e+00
1.622000e+02 6.593361e-19 6.593361e-19 0.000000e+00
1.632000e+02 5.024179e-19 5.024179e-19 0.000000e+00
1.642000e+02 3.759706e-19 3.759706e-19 0.000000e+00
1.652000e+02 3.504725e-19 3.504725e-19 0.000000e+00
1.662000e+02 3.102160e-19 3.102160e-19 0.000000e+00
1.672000e+02 3.488000e-19 3.488000e-19 0.000000e+00
1.682000e+02 3.758487e-19 3.758487e-19 0.000000e+00
1.692000e+02 4.798171e-19 4.798171e-19 0.000000e+00
1.702000e+02 5.223950e-19 5.223950e-19 0.000000e+00
1.712000e+02 5.183233e-19 5.183233e-19 0.000000e+00
1.722000e+02 4.557350e-19 4.557350e-19 0.000000e+00
1.732000e+02 4.880250e-19 4.880250e-19 0.000000e+00
1.742000e+02 6.935150e-19 6.935150e-19 0.000000e+00
1.752000e+02 1.060593e-18 1.060593e-18 0.000000e+00
1.762000e+02 1.408725e-18 1.408725e-18 0.000000e+00
1.772000e+02 1.345350e-18 1.345350e-18 0.000000e+00
1.782000e+02 1.258325e-18 1.258325e-18 0.000000e+00
1.792000e+02 1.468050e-18 1.468050e-18 0.000000e+00
1.802000e+02 1.993475e-18 1.993475e-18 0.000000e+00
1.812000e+02 2.942725e-18 2.942725e-18 0.000000e+00
1.822000e+02 3.397375e-18 3.397375e-18 0.000000e+00
1.832000e+02 2.520450e-18 2.520450e-18 0.000000e+00
1.842000e+02 2.549025e-18 2.549025e-18 0.000000e+00
1.852000e+02 3.911950e-18 3.911950e-18 0.000000e+00
1.862000e+02 5.191150e-18 5.191150e-18 0.000000e+00
1.872000e+02 4.996900e-18 4.996900e-18 0.000000e+00
1.882000e+02 3.771175e-18 3.771175e-18 0.000000e+00
1.892000e+02 5.348375e-18 5.348375e-18 0.000000e+00
1.902000e+02 5.251775e-18 5.251775e-18 0.000000e+00
1.912000e+02 4.091325e-18 4.091325e-18 0.000000e+00
1.922000e+02 4.944675e-18 4.944675e-18 0.000000e+00
1.932000e+02 9.118850e-18 9.118850e-18 0.000000e+00
1.942000e+02 4.987750e-18 4.987750e-18 0.000000e+00
1.952000e+02 5.002875e-18 5.002875e-18 0.000000e+00
1.962000e+02 1.001007e-17 1.001007e-17 0.000000e+00
1.972000e+02 3.971375e-18 3.971375e-18 0.000000e+00
1.982000e+02 4.965800e-18 4.965800e-18 0.000000e+00
1.992000e+02 1.095872e-17 1.095872e-17 0.000000e+00
2.002000e+02 2.432925e-18 2.432925e-18 0.000000e+00
2.012000e+02 5.100525e-18 5.099372e-18 0.000000e+00
2.022000e+02 1.037843e-17 1.037440e-17 0.000000e+00
2.032000e+02 2.576700e-18 2.575288e-18 0.000000e+00
2.042000e+02 5.136875e-18 5.132658e-18 0.000000e+00
2.052000e+02 7.653700e-18 7.643705e-18 0.000000e+00
2.062000e+02 2.908300e-18 2.903132e-18 0.000000e+00
2.072000e+02 6.440425e-18 6.425893e-18 0.000000e+00
2.082000e+02 1.731475e-18 1.726936e-18 0.000000e+00
2.092000e+02 3.197225e-18 3.188177e-18 0.000000e+00
2.102000e+02 6.867700e-18 6.846766e-18 0.000000e+00
2.112000e+02 1.636125e-18 1.629628e-18 0.000000e+00
2.122000e+02 4.293425e-18 4.272067e-18 0.000000e+00
2.132000e+02 1.034355e-18 1.027866e-18 0.000000e+00
2.142000e+02 3.056400e-18 3.008857e-18 0.000000e+00
2.152000e+02 3.748475e-18 3.624049e-18 0.000000e+00
2.162000e+02 1.134342e-18 1.028958e-18 0.000000e+00
2.172000e+02 3.304600e-18 2.411678e-18 0.000000e+00
2.182000e+02 1.002000e-18 5.459438e-19 0.000000e+00
2.192000e+02 1.679225e-18 0.000000e+00 0.000000e+00
2.202000e+02 3.744475e-19 0.000000e+00 0.000000e+00
2.212000e+02 9.593000e-19 0.000000e+00 0.000000e+00
2.222000e+02 3.359275e-19 0.000000e+00 0.000000e+00
2.232000e+02 6.334350e-19 0.000000e+00 0.000000e+00
2.242000e+02 4.692350e-19 0.000000e+00 0.000000e+00
2.252000e+02 2.628975e-19 0.000000e+00 0.000000e+00
2.262000e+02 3.835375e-19 0.000000e+00 0.000000e+00
2.272000e+02 1.292200e-19 0.000000e+00 0.000000e+00
2.282000e+02 2.055600e-19 0.000000e+00 0.000000e+00
2.292000e+02 7.350200e-20 0.000000e+00 0.000000e+00
2.302000e+02 1.066097e-19 0.000000e+00 0.000000e+00
2.312000e+02 5.182350e-20 0.000000e+00 0.000000e+00
2.322000e+02 5.063400e-20 0.000000e+00 0.000000e+00
2.332000e+02 4.202300e-20 0.000000e+00 0.000000e+00
2.342000e+02 2.750250e-20 0.000000e+00 0.000000e+00
2.352000e+02 4.032025e-20 0.000000e+00 0.000000e+00
2.362000e+02 2.928125e-20 0.000000e+00 0.000000e+00
2.372000e+02 3.072150e-20 0.000000e+00 0.000000e+00
2.382000e+02 3.193900e-20 0.000000e+00 0.000000e+00
2.392000e+02 3.161600e-20 0.000000e+00 0.000000e+00
2.402000e+02 4.695150e-20 0.000000e+00 0.000000e+00
2.412000e+02 4.157300e-20 0.000000e+00 0.000000e+00
2.422000e+02 4.238775e-20 0.000000e+00 0.000000e+00
2.432000e+02 4.024825e-20 0.000000e+00 0.000000e+00
2.442000e+02 5.667250e-20 0.000000e+00 0.000000e+00
2.452000e+02 6.436475e-20 0.000000e+00 0.000000e+00
2.462000e+02 6.120350e-20 0.000000e+00 0.000000e+00
2.472000e+02 7.400825e-20 0.000000e+00 0.000000e+00
2.482000e+02 8.068350e-20 0.000000e+00 0.000000e+00
2.492000e+02 8.971325e-20 0.000000e+00 0.000000e+00
2.502000e+02 1.008025e-19 0.000000e+00 0.000000e+00
2.512000e+02 1.339775e-19 0.000000e+00 0.000000e+00
2.522000e+02 1.185225e-19 0.000000e+00 0.000000e+00
2.532000e+02 1.302350e-19 0.000000e+00 0.000000e+00
2.542000e+02 1.469950e-19 0.000000e+00 0.000000e+00
2.552000e+02 1.576400e-19 0.000000e+00 0.000000e+00
2.562000e+02 1.682025e-19 0.000000e+00 0.000000e+00
2.572000e+02 1.729075e-19 0.000000e+00 0.000000e+00
2.582000e+02 2.275150e-19 0.000000e+00 0.000000e+00
2.592000e+02 2.296500e-19 0.000000e+00 0.000000e+00
2.602000e+02 2.421050e-19 0.000000e+00 0.000000e+00
2.612000e+02 2.922175e-19 0.000000e+00 0.000000e+00
2.622000e+02 3.269475e-19 0.000000e+00 0.000000e+00
2.632000e+02 2.983425e-19 0.000000e+00 0.000000e+00
2.642000e+02 3.238675e-19 0.000000e+00 0.000000e+00
2.652000e+02 3.689000e-19 0.000000e+00 0.000000e+00
2.662000e+02 4.227925e-19 0.000000e+00 0.000000e+00
2.672000e+02 4.027325e-19 0.000000e+00 0.000000e+00
2.682000e+02 3.577425e-19 0.000000e+00 0.000000e+00
2.692000e+02 4.156875e-19 0.000000e+00 0.000000e+00
2.702000e+02 4.969125e-19 0.000000e+00 0.000000e+00
2.712000e+02 4.876325e-19 0.000000e+00 0.000000e+00
2.722000e+02 5.336325e-19 0.000000e+00 0.000000e+00
2.732000e+02 5.317300e-19 0.000000e+00 0.000000e+00
2.742000e+02 4.847850e-19 0.000000e+00 0.000000e+00
2.752000e+02 6.254350e-19 0.000000e+00 0.000000e+00
2.762000e+02 5.454475e-19 0.000000e+00 0.000000e+00
2.772000e+02 6.788600e-19 0.000000e+00 0.000000e+00
2.782000e+02 7.275750e-19 0.000000e+00 0.000000e+00
2.792000e+02 7.235075e-19 0.000000e+00 0.000000e+00
2.802000e+02 7.670375e-19 0.000000e+00 0.000000e+00
2.812000e+02 6.936475e-19 0.000000e+00 0.000000e+00
2.822000e+02 7.442325e-19 0.000000e+00 0.000000e+00
2.832000e+02 8.283125e-19 0.000000e+00 0.000000e+00
2.842000e+02 6.339225e-19 0.000000e+00 0.000000e+00
2.852000e+02 8.954725e-19 0.000000e+00 0.000000e+00
2.862000e+02 6.277700e-19 0.000000e+00 0.000000e+00
2.872000e+02 8.604225e-19 0.000000e+00 0.000000e+00
2.882000e+02 6.345025e-19 0.000000e+00 0.000000e+00
2.892000e+02 7.837325e-19 0.000000e+00 0.000000e+00
2.902000e+02 8.347832e-19 0.000000e+00 0.000000e+00
2.912000e+02 7.338767e-19 0.000000e+00 0.000000e+00
2.922000e+02 9.909888e-19 0.000000e+00 0.000000e+00
2.932000e+02 6.034664e-19 0.000000e+00 0.000000e+00
2.942000e+02 9.582201e-19 0.000000e+00 0.000000e+00
2.952000e+02 4.738375e-19 0.000000e+00 0.000000e+00
2.962000e+02 1.073031e-18 0.000000e+00 0.000000e+00
2.972000e+02 3.833496e-19 0.000000e+00 0.000000e+00
2.982000e+02 8.677482e-19 0.000000e+00 0.000000e+00
2.992000e+02 3.751846e-19 0.000000e+00 0.000000e+00
3.002000e+02 9.196590e-19 0.000000e+00 0.000000e+00
3.012000e+02 2.665305e-19 0.000000e+00 0.000000e+00
3.022000e+02 8.619988e-19 0.000000e+00 0.000000e+00
3.032000e+02 2.488258e-19 0.000000e+00 0.000000e+00
3.042000e+02 7.836795e-19 0.000000e+00 0.000000e+00
3.052000e+02 2.170314e-19 0.000000e+00 0.000000e+00
3.062000e+02 5.067409e-19 0.000000e+00 0.000000e+00
3.072000e+02 2.570927e-19 0.000000e+00 0.000000e+00
3.082000e+02 2.647504e-19 0.000000e+00 0.000000e+00
3.092000e+02 2.250837e-19 0.000000e+00 0.000000e+00
3.102000e+02 2.083028e-19 0.000000e+00 0.000000e+00
3.112000e+02 2.279260e-19 0.000000e+00 0.000000e+00
3.122000e+02 1.329078e-19 0.000000e+00 0.000000e+00
3.132000e+02 2.303322e-19 0.000000e+00 0.000000e+00
3.142000e+02 8.253053e-20 0.000000e+00 0.000000e+00
3.152000e+02 1.414303e-19 0.000000e+00 0.000000e+00
3.162000e+02 7.909157e-20 0.000000e+00 0.000000e+00
3.172000e+02 1.018490e-19 0.000000e+00 0.000000e+00
3.182000e+02 8.846296e-20 0.000000e+00 0.000000e+00
3.192000e+02 4.670420e-20 0.000000e+00 0.000000e+00
3.202000e+02 4.320042e-20 0.000000e+00 0.000000e+00
3.212000e+02 4.347557e-20 0.000000e+00 0.000000e+00
3.222000e+02 2.821387e-20 0.000000e+00 0.000000e+00
3.232000e+02 1.540807e-20 0.000000e+00 0.000000e+00
3.242000e+02 1.687443e-20 0.000000e+00 0.000000e+00
3.252000e+02 1.214653e-20 0.000000e+00 0.000000e+00
3.262000e+02 7.472212e-21 0.000000e+00 0.000000e+00
3.272000e+02 6.951597e-21 0.000000e+00 0.000000e+00
3.282000e+02 4.297919e-21 0.000000e+00 0.000000e+00
3.292000e+02 4.321972e-21 0.000000e+00 0.000000e+00
3.302000e+02 2.317815e-21 0.000000e+00 0.000000e+00
3.312000e+02 1.525938e-21 0.000000e+00 0.000000e+00
3.322000e+02 1.344952e-21 0.000000e+00 0.000000e+00
3.332000e+02 9.701726e-22 0.000000e+00 0.000000e+00
3.342000e+02 9.896543e-22 0.000000e+00 0.000000e+00
3.352000e+02 8.183000e-22 0.000000e+00 0.000000e+00
3.362000e+02 8.623863e-22 0.000000e+00 0.000000e+00
3.372000e+02 7.889137e-22 0.000000e+00 0.000000e+00
3.382000e+02 7.412815e-22 0.000000e+00 0.000000e+00
3.392000e+02 2.688081e-22 0.000000e+00 0.000000e+00
3.402000e+02 2.116541e-22 0.000000e+00 0.000000e+00
3.412000e+02 1.436090e-22 0.000000e+00 0.000000e+00
3.422000e+02 1.345423e-22 0.000000e+00 0.000000e+00
3.432000e+02 1.142560e-22 0.000000e+00 0.000000e+00
3.442000e+02 1.324429e-22 0.000000e+00 0.000000e+00
3.452000e+02 1.200078e-22 0.000000e+00 0.000000e+00
3.462000e+02 8.758571e-23 0.000000e+00 0.000000e+00
3.472000e+02 1.396440e-22 0.000000e+00 0.000000e+00
3.482000e+02 1.208109e-22 0.000000e+00 0.000000e+00
3.492000e+02 1.016451e-22 0.000000e+00 0.000000e+00
3.502000e+02 1.302067e-22 0.000000e+00 0.000000e+00
3.512000e+02 9.827148e-23 0.000000e+00 0.000000e+00
3.522000e+02 5.865974e-23 0.000000e+00 0.000000e+00
3.532000e+02 8.342138e-23 0.000000e+00 0.000000e+00
3.542000e+02 1.530218e-22 0.000000e+00 0.000000e+00
3.552000e+02 7.079588e-23 0.000000e+00 0.000000e+00
3.562000e+02 5.030560e-23 0.000000e+00 0.000000e+00
3.572000e+02 5.193628e-23 0.000000e+00 0.000000e+00
3.582000e+02 1.161874e-22 0.000000e+00 0.000000e+00
3.592000e+02 1.824591e-22 0.000000e+00 0.000000e+00
3.602000e+02 1.862894e-22 0.000000e+00 0.000000e+00
3.612000e+02 8.218638e-23 0.000000e+00 0.000000e+00
3.622000e+02 8.970149e-23 0.000000e+00 0.000000e+00
3.632000e+02 1.765894e-22 0.000000e+00 0.000000e+00
3.642000e+02 2.184580e-22 0.000000e+00 0.000000e+00
3.652000e+02 1.046064e-22 0.000000e+00 0.000000e+00
3.662000e+02 1.336504e-22 0.000000e+00 0.000000e+00
3.672000e+02 5.807638e-23 0.000000e+00 0.000000e+00
3.682000e+02 5.274151e-23 0.000000e+00 0.000000e+00
3.692000e+02 1.067852e-22 0.000000e+00 0.000000e+00
3.702000e+02 3.338224e-22 0.000000e+00 0.000000e+00
3.712000e+02 1.218218e-22 0.000000e+00 0.000000e+00
3.722000e+02 5.603633e-23 0.000000e+00 0.000000e+00
3.732000e+02 6.613706e-23 0.000000e+00 0.000000e+00
3.742000e+02 8.278440e-23 0.000000e+00 0.000000e+00
3.752000e+02 2.389331e-22 0.000000e+00 0.000000e+00
3.762000e+02 1.462840e-22 0.000000e+00 0.000000e+00
3.772000e+02 6.390011e-23 0.000000e+00 0.000000e+00
3.782000e+02 1.085409e-22 0.000000e+00 0.000000e+00
3.792000e+02 6.628840e-23 0.000000e+00 0.000000e+00
3.802000e+02 3.227625e-23 0.000000e+00 0.000000e+00
3.812000e+02 2.853465e-23 0.000000e+00 0.000000e+00
3.822000e+02 4.147434e-23 0.000000e+00 0.000000e+00
3.832000e+02 1.589331e-22 0.000000e+00 0.000000e+00
3.842000e+02 1.443829e-22 0.000000e+00 0.000000e+00
3.852000e+02 4.390899e-23 0.000000e+00 0.000000e+00
3.862000e+02 2.112594e-23 0.000000e+00 0.000000e+00
3.872000e+02 1.719852e-23 0.000000e+00 0.000000e+00
3.882000e+02 5.267098e-23 0.000000e+00 0.000000e+00
3.892000e+02 1.467807e-22 0.000000e+00 0.000000e+00
3.902000e+02 6.923705e-23 0.000000e+00 0.000000e+00
3.912000e+02 1.711714e-23 0.000000e+00 0.000000e+00
3.922000e+02 9.430921e-24 0.000000e+00 0.000000e+00
3.932000e+02 5.147171e-24 0.000000e+00 0.000000e+00
3.942000e+02 4.290479e-24 0.000000e+00 0.000000e+00
3.952000e+02 6.118157e-24 0.000000e+00 0.000000e+00
3.962000e+02 8.649314e-24 0.000000e+00 0.000000e+00
3.972000e+02 1.916106e-23 0.000000e+00 0.000000e+00
3.982000e+02 9.514258e-24 0.000000e+00 0.000000e+00
3.992000e+02 8.137692e-24 0.000000e+00 0.000000e+00
