! grain-radius [cm](1:10)                                                                                             1/abundance of grains(1:10)                                                                               grain temp(1:10)            CR-peak-Temperaturegrain[K](1:10)               spatial point

1.00E-05 1.00E-05 1.00E-05 1.00E-05 1.00E-05 1.00E-05 1.00E-05 1.00E-05 1.00E-05 1.00E-05     0.55644E+13 0.55644E+13 0.55644E+13 0.55644E+13 0.55644E+13 0.55644E+13 0.55644E+13 0.55644E+13 0.55644E+13 0.55644E+13     10 10 10 10 10 10 10 10 10 10     73 73 73 73 73 73 73 73 73 73             !         1     
1.00E-05 1.00E-05 1.00E-05 1.00E-05 1.00E-05 1.00E-05 1.00E-05 1.00E-05 1.00E-05 1.00E-05     0.55644E+13 0.55644E+13 0.55644E+13 0.55644E+13 0.55644E+13 0.55644E+13 0.55644E+13 0.55644E+13 0.55644E+13 0.55644E+13     10 10 10 10 10 10 10 10 10 10     73 73 73 73 73 73 73 73 73 73             !         2     
1.00E-05 1.00E-05 1.00E-05 1.00E-05 1.00E-05 1.00E-05 1.00E-05 1.00E-05 1.00E-05 1.00E-05     0.55644E+13 0.55644E+13 0.55644E+13 0.55644E+13 0.55644E+13 0.55644E+13 0.55644E+13 0.55644E+13 0.55644E+13 0.55644E+13     10 10 10 10 10 10 10 10 10 10     73 73 73 73 73 73 73 73 73 73             !         3     
1.00E-05 1.00E-05 1.00E-05 1.00E-05 1.00E-05 1.00E-05 1.00E-05 1.00E-05 1.00E-05 1.00E-05     0.55644E+13 0.55644E+13 0.55644E+13 0.55644E+13 0.55644E+13 0.55644E+13 0.55644E+13 0.55644E+13 0.55644E+13 0.55644E+13     10 10 10 10 10 10 10 10 10 10     73 73 73 73 73 73 73 73 73 73             !         4     
1.00E-05 1.00E-05 1.00E-05 1.00E-05 1.00E-05 1.00E-05 1.00E-05 1.00E-05 1.00E-05 1.00E-05     0.55644E+13 0.55644E+13 0.55644E+13 0.55644E+13 0.55644E+13 0.55644E+13 0.55644E+13 0.55644E+13 0.55644E+13 0.55644E+13     10 10 10 10 10 10 10 10 10 10     73 73 73 73 73 73 73 73 73 73             !         5     
1.00E-05 1.00E-05 1.00E-05 1.00E-05 1.00E-05 1.00E-05 1.00E-05 1.00E-05 1.00E-05 1.00E-05     0.55644E+13 0.55644E+13 0.55644E+13 0.55644E+13 0.55644E+13 0.55644E+13 0.55644E+13 0.55644E+13 0.55644E+13 0.55644E+13     10 10 10 10 10 10 10 10 10 10     73 73 73 73 73 73 73 73 73 73             !         6     
1.00E-05 1.00E-05 1.00E-05 1.00E-05 1.00E-05 1.00E-05 1.00E-05 1.00E-05 1.00E-05 1.00E-05     0.55644E+13 0.55644E+13 0.55644E+13 0.55644E+13 0.55644E+13 0.55644E+13 0.55644E+13 0.55644E+13 0.55644E+13 0.55644E+13     10 10 10 10 10 10 10 10 10 10     73 73 73 73 73 73 73 73 73 73             !         7     
1.00E-05 1.00E-05 1.00E-05 1.00E-05 1.00E-05 1.00E-05 1.00E-05 1.00E-05 1.00E-05 1.00E-05     0.55644E+13 0.55644E+13 0.55644E+13 0.55644E+13 0.55644E+13 0.55644E+13 0.55644E+13 0.55644E+13 0.55644E+13 0.55644E+13     10 10 10 10 10 10 10 10 10 10     73 73 73 73 73 73 73 73 73 73             !         8     
1.00E-05 1.00E-05 1.00E-05 1.00E-05 1.00E-05 1.00E-05 1.00E-05 1.00E-05 1.00E-05 1.00E-05     0.55644E+13 0.55644E+13 0.55644E+13 0.55644E+13 0.55644E+13 0.55644E+13 0.55644E+13 0.55644E+13 0.55644E+13 0.55644E+13     10 10 10 10 10 10 10 10 10 10     73 73 73 73 73 73 73 73 73 73             !         9     
1.00E-05 1.00E-05 1.00E-05 1.00E-05 1.00E-05 1.00E-05 1.00E-05 1.00E-05 1.00E-05 1.00E-05     0.55644E+13 0.55644E+13 0.55644E+13 0.55644E+13 0.55644E+13 0.55644E+13 0.55644E+13 0.55644E+13 0.55644E+13 0.55644E+13     10 10 10 10 10 10 10 10 10 10     73 73 73 73 73 73 73 73 73 73             !         10    
1.00E-05 1.00E-05 1.00E-05 1.00E-05 1.00E-05 1.00E-05 1.00E-05 1.00E-05 1.00E-05 1.00E-05     0.55644E+13 0.55644E+13 0.55644E+13 0.55644E+13 0.55644E+13 0.55644E+13 0.55644E+13 0.55644E+13 0.55644E+13 0.55644E+13     10 10 10 10 10 10 10 10 10 10     73 73 73 73 73 73 73 73 73 73             !         11    
1.00E-05 1.00E-05 1.00E-05 1.00E-05 1.00E-05 1.00E-05 1.00E-05 1.00E-05 1.00E-05 1.00E-05     0.55644E+13 0.55644E+13 0.55644E+13 0.55644E+13 0.55644E+13 0.55644E+13 0.55644E+13 0.55644E+13 0.55644E+13 0.55644E+13     10 10 10 10 10 10 10 10 10 10     73 73 73 73 73 73 73 73 73 73             !         12    
1.00E-05 1.00E-05 1.00E-05 1.00E-05 1.00E-05 1.00E-05 1.00E-05 1.00E-05 1.00E-05 1.00E-05     0.55644E+13 0.55644E+13 0.55644E+13 0.55644E+13 0.55644E+13 0.55644E+13 0.55644E+13 0.55644E+13 0.55644E+13 0.55644E+13     10 10 10 10 10 10 10 10 10 10     73 73 73 73 73 73 73 73 73 73             !         13    
1.00E-05 1.00E-05 1.00E-05 1.00E-05 1.00E-05 1.00E-05 1.00E-05 1.00E-05 1.00E-05 1.00E-05     0.55644E+13 0.55644E+13 0.55644E+13 0.55644E+13 0.55644E+13 0.55644E+13 0.55644E+13 0.55644E+13 0.55644E+13 0.55644E+13     10 10 10 10 10 10 10 10 10 10     73 73 73 73 73 73 73 73 73 73             !         14    
1.00E-05 1.00E-05 1.00E-05 1.00E-05 1.00E-05 1.00E-05 1.00E-05 1.00E-05 1.00E-05 1.00E-05     0.55644E+13 0.55644E+13 0.55644E+13 0.55644E+13 0.55644E+13 0.55644E+13 0.55644E+13 0.55644E+13 0.55644E+13 0.55644E+13     10 10 10 10 10 10 10 10 10 10     73 73 73 73 73 73 73 73 73 73             !         15    
1.00E-05 1.00E-05 1.00E-05 1.00E-05 1.00E-05 1.00E-05 1.00E-05 1.00E-05 1.00E-05 1.00E-05     0.55644E+13 0.55644E+13 0.55644E+13 0.55644E+13 0.55644E+13 0.55644E+13 0.55644E+13 0.55644E+13 0.55644E+13 0.55644E+13     10 10 10 10 10 10 10 10 10 10     73 73 73 73 73 73 73 73 73 73             !         16    
1.00E-05 1.00E-05 1.00E-05 1.00E-05 1.00E-05 1.00E-05 1.00E-05 1.00E-05 1.00E-05 1.00E-05     0.55644E+13 0.55644E+13 0.55644E+13 0.55644E+13 0.55644E+13 0.55644E+13 0.55644E+13 0.55644E+13 0.55644E+13 0.55644E+13     10 10 10 10 10 10 10 10 10 10     73 73 73 73 73 73 73 73 73 73             !         17    
1.00E-05 1.00E-05 1.00E-05 1.00E-05 1.00E-05 1.00E-05 1.00E-05 1.00E-05 1.00E-05 1.00E-05     0.55644E+13 0.55644E+13 0.55644E+13 0.55644E+13 0.55644E+13 0.55644E+13 0.55644E+13 0.55644E+13 0.55644E+13 0.55644E+13     10 10 10 10 10 10 10 10 10 10     73 73 73 73 73 73 73 73 73 73             !         18    
1.00E-05 1.00E-05 1.00E-05 1.00E-05 1.00E-05 1.00E-05 1.00E-05 1.00E-05 1.00E-05 1.00E-05     0.55644E+13 0.55644E+13 0.55644E+13 0.55644E+13 0.55644E+13 0.55644E+13 0.55644E+13 0.55644E+13 0.55644E+13 0.55644E+13     10 10 10 10 10 10 10 10 10 10     73 73 73 73 73 73 73 73 73 73             !         19    
1.00E-05 1.00E-05 1.00E-05 1.00E-05 1.00E-05 1.00E-05 1.00E-05 1.00E-05 1.00E-05 1.00E-05     0.55644E+13 0.55644E+13 0.55644E+13 0.55644E+13 0.55644E+13 0.55644E+13 0.55644E+13 0.55644E+13 0.55644E+13 0.55644E+13     10 10 10 10 10 10 10 10 10 10     73 73 73 73 73 73 73 73 73 73             !         20    
1.00E-05 1.00E-05 1.00E-05 1.00E-05 1.00E-05 1.00E-05 1.00E-05 1.00E-05 1.00E-05 1.00E-05     0.55644E+13 0.55644E+13 0.55644E+13 0.55644E+13 0.55644E+13 0.55644E+13 0.55644E+13 0.55644E+13 0.55644E+13 0.55644E+13     10 10 10 10 10 10 10 10 10 10     73 73 73 73 73 73 73 73 73 73             !         21    
1.00E-05 1.00E-05 1.00E-05 1.00E-05 1.00E-05 1.00E-05 1.00E-05 1.00E-05 1.00E-05 1.00E-05     0.55644E+13 0.55644E+13 0.55644E+13 0.55644E+13 0.55644E+13 0.55644E+13 0.55644E+13 0.55644E+13 0.55644E+13 0.55644E+13     10 10 10 10 10 10 10 10 10 10     73 73 73 73 73 73 73 73 73 73             !         22    
1.00E-05 1.00E-05 1.00E-05 1.00E-05 1.00E-05 1.00E-05 1.00E-05 1.00E-05 1.00E-05 1.00E-05     0.55644E+13 0.55644E+13 0.55644E+13 0.55644E+13 0.55644E+13 0.55644E+13 0.55644E+13 0.55644E+13 0.55644E+13 0.55644E+13     10 10 10 10 10 10 10 10 10 10     73 73 73 73 73 73 73 73 73 73             !         23    
1.00E-05 1.00E-05 1.00E-05 1.00E-05 1.00E-05 1.00E-05 1.00E-05 1.00E-05 1.00E-05 1.00E-05     0.55644E+13 0.55644E+13 0.55644E+13 0.55644E+13 0.55644E+13 0.55644E+13 0.55644E+13 0.55644E+13 0.55644E+13 0.55644E+13     10 10 10 10 10 10 10 10 10 10     73 73 73 73 73 73 73 73 73 73             !         24    
1.00E-05 1.00E-05 1.00E-05 1.00E-05 1.00E-05 1.00E-05 1.00E-05 1.00E-05 1.00E-05 1.00E-05     0.55644E+13 0.55644E+13 0.55644E+13 0.55644E+13 0.55644E+13 0.55644E+13 0.55644E+13 0.55644E+13 0.55644E+13 0.55644E+13     10 10 10 10 10 10 10 10 10 10     73 73 73 73 73 73 73 73 73 73             !         25    
1.00E-05 1.00E-05 1.00E-05 1.00E-05 1.00E-05 1.00E-05 1.00E-05 1.00E-05 1.00E-05 1.00E-05     0.55644E+13 0.55644E+13 0.55644E+13 0.55644E+13 0.55644E+13 0.55644E+13 0.55644E+13 0.55644E+13 0.55644E+13 0.55644E+13     10 10 10 10 10 10 10 10 10 10     73 73 73 73 73 73 73 73 73 73             !         26    
1.00E-05 1.00E-05 1.00E-05 1.00E-05 1.00E-05 1.00E-05 1.00E-05 1.00E-05 1.00E-05 1.00E-05     0.55644E+13 0.55644E+13 0.55644E+13 0.55644E+13 0.55644E+13 0.55644E+13 0.55644E+13 0.55644E+13 0.55644E+13 0.55644E+13     10 10 10 10 10 10 10 10 10 10     73 73 73 73 73 73 73 73 73 73             !         27    
1.00E-05 1.00E-05 1.00E-05 1.00E-05 1.00E-05 1.00E-05 1.00E-05 1.00E-05 1.00E-05 1.00E-05     0.55644E+13 0.55644E+13 0.55644E+13 0.55644E+13 0.55644E+13 0.55644E+13 0.55644E+13 0.55644E+13 0.55644E+13 0.55644E+13     10 10 10 10 10 10 10 10 10 10     73 73 73 73 73 73 73 73 73 73             !         28    
1.00E-05 1.00E-05 1.00E-05 1.00E-05 1.00E-05 1.00E-05 1.00E-05 1.00E-05 1.00E-05 1.00E-05     0.55644E+13 0.55644E+13 0.55644E+13 0.55644E+13 0.55644E+13 0.55644E+13 0.55644E+13 0.55644E+13 0.55644E+13 0.55644E+13     10 10 10 10 10 10 10 10 10 10     73 73 73 73 73 73 73 73 73 73             !         29    
1.00E-05 1.00E-05 1.00E-05 1.00E-05 1.00E-05 1.00E-05 1.00E-05 1.00E-05 1.00E-05 1.00E-05     0.55644E+13 0.55644E+13 0.55644E+13 0.55644E+13 0.55644E+13 0.55644E+13 0.55644E+13 0.55644E+13 0.55644E+13 0.55644E+13     10 10 10 10 10 10 10 10 10 10     73 73 73 73 73 73 73 73 73 73             !         30    
1.00E-05 1.00E-05 1.00E-05 1.00E-05 1.00E-05 1.00E-05 1.00E-05 1.00E-05 1.00E-05 1.00E-05     0.55644E+13 0.55644E+13 0.55644E+13 0.55644E+13 0.55644E+13 0.55644E+13 0.55644E+13 0.55644E+13 0.55644E+13 0.55644E+13     10 10 10 10 10 10 10 10 10 10     73 73 73 73 73 73 73 73 73 73             !         31    
1.00E-05 1.00E-05 1.00E-05 1.00E-05 1.00E-05 1.00E-05 1.00E-05 1.00E-05 1.00E-05 1.00E-05     0.55644E+13 0.55644E+13 0.55644E+13 0.55644E+13 0.55644E+13 0.55644E+13 0.55644E+13 0.55644E+13 0.55644E+13 0.55644E+13     10 10 10 10 10 10 10 10 10 10     73 73 73 73 73 73 73 73 73 73             !         32    
1.00E-05 1.00E-05 1.00E-05 1.00E-05 1.00E-05 1.00E-05 1.00E-05 1.00E-05 1.00E-05 1.00E-05     0.55644E+13 0.55644E+13 0.55644E+13 0.55644E+13 0.55644E+13 0.55644E+13 0.55644E+13 0.55644E+13 0.55644E+13 0.55644E+13     10 10 10 10 10 10 10 10 10 10     73 73 73 73 73 73 73 73 73 73             !         33    
1.00E-05 1.00E-05 1.00E-05 1.00E-05 1.00E-05 1.00E-05 1.00E-05 1.00E-05 1.00E-05 1.00E-05     0.55644E+13 0.55644E+13 0.55644E+13 0.55644E+13 0.55644E+13 0.55644E+13 0.55644E+13 0.55644E+13 0.55644E+13 0.55644E+13     10 10 10 10 10 10 10 10 10 10     73 73 73 73 73 73 73 73 73 73             !         34    
1.00E-05 1.00E-05 1.00E-05 1.00E-05 1.00E-05 1.00E-05 1.00E-05 1.00E-05 1.00E-05 1.00E-05     0.55644E+13 0.55644E+13 0.55644E+13 0.55644E+13 0.55644E+13 0.55644E+13 0.55644E+13 0.55644E+13 0.55644E+13 0.55644E+13     10 10 10 10 10 10 10 10 10 10     73 73 73 73 73 73 73 73 73 73             !         35    
1.00E-05 1.00E-05 1.00E-05 1.00E-05 1.00E-05 1.00E-05 1.00E-05 1.00E-05 1.00E-05 1.00E-05     0.55644E+13 0.55644E+13 0.55644E+13 0.55644E+13 0.55644E+13 0.55644E+13 0.55644E+13 0.55644E+13 0.55644E+13 0.55644E+13     10 10 10 10 10 10 10 10 10 10     73 73 73 73 73 73 73 73 73 73             !         36    
1.00E-05 1.00E-05 1.00E-05 1.00E-05 1.00E-05 1.00E-05 1.00E-05 1.00E-05 1.00E-05 1.00E-05     0.55644E+13 0.55644E+13 0.55644E+13 0.55644E+13 0.55644E+13 0.55644E+13 0.55644E+13 0.55644E+13 0.55644E+13 0.55644E+13     10 10 10 10 10 10 10 10 10 10     73 73 73 73 73 73 73 73 73 73             !         37    
1.00E-05 1.00E-05 1.00E-05 1.00E-05 1.00E-05 1.00E-05 1.00E-05 1.00E-05 1.00E-05 1.00E-05     0.55644E+13 0.55644E+13 0.55644E+13 0.55644E+13 0.55644E+13 0.55644E+13 0.55644E+13 0.55644E+13 0.55644E+13 0.55644E+13     10 10 10 10 10 10 10 10 10 10     73 73 73 73 73 73 73 73 73 73             !         38    
1.00E-05 1.00E-05 1.00E-05 1.00E-05 1.00E-05 1.00E-05 1.00E-05 1.00E-05 1.00E-05 1.00E-05     0.55644E+13 0.55644E+13 0.55644E+13 0.55644E+13 0.55644E+13 0.55644E+13 0.55644E+13 0.55644E+13 0.55644E+13 0.55644E+13     10 10 10 10 10 10 10 10 10 10     73 73 73 73 73 73 73 73 73 73             !         39    
1.00E-05 1.00E-05 1.00E-05 1.00E-05 1.00E-05 1.00E-05 1.00E-05 1.00E-05 1.00E-05 1.00E-05     0.55644E+13 0.55644E+13 0.55644E+13 0.55644E+13 0.55644E+13 0.55644E+13 0.55644E+13 0.55644E+13 0.55644E+13 0.55644E+13     10 10 10 10 10 10 10 10 10 10     73 73 73 73 73 73 73 73 73 73             !         40    
1.00E-05 1.00E-05 1.00E-05 1.00E-05 1.00E-05 1.00E-05 1.00E-05 1.00E-05 1.00E-05 1.00E-05     0.55644E+13 0.55644E+13 0.55644E+13 0.55644E+13 0.55644E+13 0.55644E+13 0.55644E+13 0.55644E+13 0.55644E+13 0.55644E+13     10 10 10 10 10 10 10 10 10 10     73 73 73 73 73 73 73 73 73 73             !         41    
1.00E-05 1.00E-05 1.00E-05 1.00E-05 1.00E-05 1.00E-05 1.00E-05 1.00E-05 1.00E-05 1.00E-05     0.55644E+13 0.55644E+13 0.55644E+13 0.55644E+13 0.55644E+13 0.55644E+13 0.55644E+13 0.55644E+13 0.55644E+13 0.55644E+13     10 10 10 10 10 10 10 10 10 10     73 73 73 73 73 73 73 73 73 73             !         42    
1.00E-05 1.00E-05 1.00E-05 1.00E-05 1.00E-05 1.00E-05 1.00E-05 1.00E-05 1.00E-05 1.00E-05     0.55644E+13 0.55644E+13 0.55644E+13 0.55644E+13 0.55644E+13 0.55644E+13 0.55644E+13 0.55644E+13 0.55644E+13 0.55644E+13     10 10 10 10 10 10 10 10 10 10     73 73 73 73 73 73 73 73 73 73             !         43    
1.00E-05 1.00E-05 1.00E-05 1.00E-05 1.00E-05 1.00E-05 1.00E-05 1.00E-05 1.00E-05 1.00E-05     0.55644E+13 0.55644E+13 0.55644E+13 0.55644E+13 0.55644E+13 0.55644E+13 0.55644E+13 0.55644E+13 0.55644E+13 0.55644E+13     10 10 10 10 10 10 10 10 10 10     73 73 73 73 73 73 73 73 73 73             !         44    
1.00E-05 1.00E-05 1.00E-05 1.00E-05 1.00E-05 1.00E-05 1.00E-05 1.00E-05 1.00E-05 1.00E-05     0.55644E+13 0.55644E+13 0.55644E+13 0.55644E+13 0.55644E+13 0.55644E+13 0.55644E+13 0.55644E+13 0.55644E+13 0.55644E+13     10 10 10 10 10 10 10 10 10 10     73 73 73 73 73 73 73 73 73 73             !         45    
1.00E-05 1.00E-05 1.00E-05 1.00E-05 1.00E-05 1.00E-05 1.00E-05 1.00E-05 1.00E-05 1.00E-05     0.55644E+13 0.55644E+13 0.55644E+13 0.55644E+13 0.55644E+13 0.55644E+13 0.55644E+13 0.55644E+13 0.55644E+13 0.55644E+13     10 10 10 10 10 10 10 10 10 10     73 73 73 73 73 73 73 73 73 73             !         46    
1.00E-05 1.00E-05 1.00E-05 1.00E-05 1.00E-05 1.00E-05 1.00E-05 1.00E-05 1.00E-05 1.00E-05     0.55644E+13 0.55644E+13 0.55644E+13 0.55644E+13 0.55644E+13 0.55644E+13 0.55644E+13 0.55644E+13 0.55644E+13 0.55644E+13     10 10 10 10 10 10 10 10 10 10     73 73 73 73 73 73 73 73 73 73             !         47    
1.00E-05 1.00E-05 1.00E-05 1.00E-05 1.00E-05 1.00E-05 1.00E-05 1.00E-05 1.00E-05 1.00E-05     0.55644E+13 0.55644E+13 0.55644E+13 0.55644E+13 0.55644E+13 0.55644E+13 0.55644E+13 0.55644E+13 0.55644E+13 0.55644E+13     10 10 10 10 10 10 10 10 10 10     73 73 73 73 73 73 73 73 73 73             !         48    
1.00E-05 1.00E-05 1.00E-05 1.00E-05 1.00E-05 1.00E-05 1.00E-05 1.00E-05 1.00E-05 1.00E-05     0.55644E+13 0.55644E+13 0.55644E+13 0.55644E+13 0.55644E+13 0.55644E+13 0.55644E+13 0.55644E+13 0.55644E+13 0.55644E+13     10 10 10 10 10 10 10 10 10 10     73 73 73 73 73 73 73 73 73 73             !         49    
1.00E-05 1.00E-05 1.00E-05 1.00E-05 1.00E-05 1.00E-05 1.00E-05 1.00E-05 1.00E-05 1.00E-05     0.55644E+13 0.55644E+13 0.55644E+13 0.55644E+13 0.55644E+13 0.55644E+13 0.55644E+13 0.55644E+13 0.55644E+13 0.55644E+13     10 10 10 10 10 10 10 10 10 10     73 73 73 73 73 73 73 73 73 73             !         50    
1.00E-05 1.00E-05 1.00E-05 1.00E-05 1.00E-05 1.00E-05 1.00E-05 1.00E-05 1.00E-05 1.00E-05     0.55644E+13 0.55644E+13 0.55644E+13 0.55644E+13 0.55644E+13 0.55644E+13 0.55644E+13 0.55644E+13 0.55644E+13 0.55644E+13     10 10 10 10 10 10 10 10 10 10     73 73 73 73 73 73 73 73 73 73             !         51    
1.00E-05 1.00E-05 1.00E-05 1.00E-05 1.00E-05 1.00E-05 1.00E-05 1.00E-05 1.00E-05 1.00E-05     0.55644E+13 0.55644E+13 0.55644E+13 0.55644E+13 0.55644E+13 0.55644E+13 0.55644E+13 0.55644E+13 0.55644E+13 0.55644E+13     10 10 10 10 10 10 10 10 10 10     73 73 73 73 73 73 73 73 73 73             !         52    
1.00E-05 1.00E-05 1.00E-05 1.00E-05 1.00E-05 1.00E-05 1.00E-05 1.00E-05 1.00E-05 1.00E-05     0.55644E+13 0.55644E+13 0.55644E+13 0.55644E+13 0.55644E+13 0.55644E+13 0.55644E+13 0.55644E+13 0.55644E+13 0.55644E+13     10 10 10 10 10 10 10 10 10 10     73 73 73 73 73 73 73 73 73 73             !         53    
1.00E-05 1.00E-05 1.00E-05 1.00E-05 1.00E-05 1.00E-05 1.00E-05 1.00E-05 1.00E-05 1.00E-05     0.55644E+13 0.55644E+13 0.55644E+13 0.55644E+13 0.55644E+13 0.55644E+13 0.55644E+13 0.55644E+13 0.55644E+13 0.55644E+13     10 10 10 10 10 10 10 10 10 10     73 73 73 73 73 73 73 73 73 73             !         54    
1.00E-05 1.00E-05 1.00E-05 1.00E-05 1.00E-05 1.00E-05 1.00E-05 1.00E-05 1.00E-05 1.00E-05     0.55644E+13 0.55644E+13 0.55644E+13 0.55644E+13 0.55644E+13 0.55644E+13 0.55644E+13 0.55644E+13 0.55644E+13 0.55644E+13     10 10 10 10 10 10 10 10 10 10     73 73 73 73 73 73 73 73 73 73             !         55    
1.00E-05 1.00E-05 1.00E-05 1.00E-05 1.00E-05 1.00E-05 1.00E-05 1.00E-05 1.00E-05 1.00E-05     0.55644E+13 0.55644E+13 0.55644E+13 0.55644E+13 0.55644E+13 0.55644E+13 0.55644E+13 0.55644E+13 0.55644E+13 0.55644E+13     10 10 10 10 10 10 10 10 10 10     73 73 73 73 73 73 73 73 73 73             !         56    
1.00E-05 1.00E-05 1.00E-05 1.00E-05 1.00E-05 1.00E-05 1.00E-05 1.00E-05 1.00E-05 1.00E-05     0.55644E+13 0.55644E+13 0.55644E+13 0.55644E+13 0.55644E+13 0.55644E+13 0.55644E+13 0.55644E+13 0.55644E+13 0.55644E+13     10 10 10 10 10 10 10 10 10 10     73 73 73 73 73 73 73 73 73 73             !         57    
1.00E-05 1.00E-05 1.00E-05 1.00E-05 1.00E-05 1.00E-05 1.00E-05 1.00E-05 1.00E-05 1.00E-05     0.55644E+13 0.55644E+13 0.55644E+13 0.55644E+13 0.55644E+13 0.55644E+13 0.55644E+13 0.55644E+13 0.55644E+13 0.55644E+13     10 10 10 10 10 10 10 10 10 10     73 73 73 73 73 73 73 73 73 73             !         58    
1.00E-05 1.00E-05 1.00E-05 1.00E-05 1.00E-05 1.00E-05 1.00E-05 1.00E-05 1.00E-05 1.00E-05     0.55644E+13 0.55644E+13 0.55644E+13 0.55644E+13 0.55644E+13 0.55644E+13 0.55644E+13 0.55644E+13 0.55644E+13 0.55644E+13     10 10 10 10 10 10 10 10 10 10     73 73 73 73 73 73 73 73 73 73             !         59    
1.00E-05 1.00E-05 1.00E-05 1.00E-05 1.00E-05 1.00E-05 1.00E-05 1.00E-05 1.00E-05 1.00E-05     0.55644E+13 0.55644E+13 0.55644E+13 0.55644E+13 0.55644E+13 0.55644E+13 0.55644E+13 0.55644E+13 0.55644E+13 0.55644E+13     10 10 10 10 10 10 10 10 10 10     73 73 73 73 73 73 73 73 73 73             !         60    
1.00E-05 1.00E-05 1.00E-05 1.00E-05 1.00E-05 1.00E-05 1.00E-05 1.00E-05 1.00E-05 1.00E-05     0.55644E+13 0.55644E+13 0.55644E+13 0.55644E+13 0.55644E+13 0.55644E+13 0.55644E+13 0.55644E+13 0.55644E+13 0.55644E+13     10 10 10 10 10 10 10 10 10 10     73 73 73 73 73 73 73 73 73 73             !         61    
1.00E-05 1.00E-05 1.00E-05 1.00E-05 1.00E-05 1.00E-05 1.00E-05 1.00E-05 1.00E-05 1.00E-05     0.55644E+13 0.55644E+13 0.55644E+13 0.55644E+13 0.55644E+13 0.55644E+13 0.55644E+13 0.55644E+13 0.55644E+13 0.55644E+13     10 10 10 10 10 10 10 10 10 10     73 73 73 73 73 73 73 73 73 73             !         62    
1.00E-05 1.00E-05 1.00E-05 1.00E-05 1.00E-05 1.00E-05 1.00E-05 1.00E-05 1.00E-05 1.00E-05     0.55644E+13 0.55644E+13 0.55644E+13 0.55644E+13 0.55644E+13 0.55644E+13 0.55644E+13 0.55644E+13 0.55644E+13 0.55644E+13     10 10 10 10 10 10 10 10 10 10     73 73 73 73 73 73 73 73 73 73             !         63    
1.00E-05 1.00E-05 1.00E-05 1.00E-05 1.00E-05 1.00E-05 1.00E-05 1.00E-05 1.00E-05 1.00E-05     0.55644E+13 0.55644E+13 0.55644E+13 0.55644E+13 0.55644E+13 0.55644E+13 0.55644E+13 0.55644E+13 0.55644E+13 0.55644E+13     10 10 10 10 10 10 10 10 10 10     73 73 73 73 73 73 73 73 73 73             !         64    




! below are some reference grain radius with dust temp and cosmic ray peak temperature

!     5.00E-07         19.0           316.0                       1            !  
!     3.22E-06         18.0           129.3                       2            !
!     5.94E-06         17.0            97.2                       3            !
!     8.67E-06         16.0            80.4                       4            !
!     1.14E-05         15.0            70.1                       5            !
!     1.41E-05         14.0            62.5                       6            !
!     1.68E-05         13.0            57.5                       7            !
!     1.96E-05         12.0            53.6                       8            !
!     2.23E-05         11.0            50.2                       9            !
!     2.50E-05         10.0            47.0                       10           !
                          
                          
!     5.00E-07         13.7           316.0                       1            !
!     7.72E-07         13.5           252.2                       2            !
!     1.19E-06         13.3           209.0                       3            !
!     1.84E-06         13.0           168.6                       4            !
!     2.84E-06         12.8           139.0                       5            !
!     4.39E-06         12.5           111.3                       6            !
!     6.79E-06         12.1            91.1                       7            !
!     1.05E-05         11.5            72.7                       8            !
!     1.62E-05         11.3            58.3                       9            !
!     2.50E-05         11.1            47.0                       10           !
                                                                   
                                                                   
!     5.00E-07         13.7           316.0                       1            !
!     6.14E-07         13.6           288.1                       2            !
!     7.55E-07         13.5           254.4                       3            !
!     9.27E-07         13.5           233.0                       4            !
!     1.14E-06         13.4           213.1                       5            !
!     1.40E-06         13.2           192.8                       6            !
!     1.72E-06         13.1           174.4                       7            !
!     2.11E-06         13.0           158.1                       8            !
!     2.60E-06         12.9           145.5                       9            !
!     3.19E-06         12.8           130.1                       10           !
!     3.92E-06         12.6           117.0                       11           !
!     4.81E-06         12.4           106.2                       12           !
!     5.92E-06         12.2            97.4                       13           !
!     7.27E-06         12.0            87.7                       14           !
!     8.93E-06         11.7            79.1                       15           !
!     1.10E-05         11.5            71.3                       16           !
!     1.35E-05         11.4            64.3                       17           !
!     1.66E-05         11.3            57.8                       18           !
!     2.03E-05         11.2            52.6                       19           !
!     2.50E-05         11.1            47.0                       20           !
                          
                          
!     5.00E-07         13.7           316.0                       1            !
!     5.72E-07         13.6           298.4                       2            !
!     6.55E-07         13.6           278.2                       3            !
!     7.49E-07         13.5           255.1                       4            !
!     8.58E-07         13.5           241.7                       5            !
!     9.82E-07         13.4           226.3                       6            !
!     1.12E-06         13.4           214.4                       7            !
!     1.29E-06         13.3           201.7                       8            !
!     1.47E-06         13.2           187.3                       9            !
!     1.68E-06         13.1           176.2                       10           !
!     1.93E-06         13.0           164.5                       11           !
!     2.20E-06         12.9           155.7                       12           !
!     2.52E-06         12.9           147.4                       13           !
!     2.89E-06         12.8           137.9                       14           !
!     3.30E-06         12.8           127.1                       15           !
!     3.78E-06         12.7           118.6                       16           !
!     4.33E-06         12.5           112.1                       17           !
!     4.95E-06         12.4           104.6                       18           !
!     5.67E-06         12.3            99.2                       19           !
!     6.49E-06         12.1            93.3                       20           !
!     7.42E-06         12.0            86.5                       21           !
!     8.50E-06         11.8            81.2                       22           !
!     9.72E-06         11.6            75.3                       23           !
!     1.11E-05         11.5            70.8                       24           !
!     1.27E-05         11.4            66.3                       25           !
!     1.46E-05         11.4            61.2                       26           !
!     1.67E-05         11.3            57.6                       27           !
!     1.91E-05         11.2            54.3                       28           !
!     2.18E-05         11.1            50.8                       29           !
!     2.50E-05         11.1            47.0                       30           !
                        
                        
!     5.00E-07         13.7           316.0                       1            !
!     5.34E-07         13.6           307.6                       2            !
!     5.71E-07         13.6           298.7                       3            !
!     6.10E-07         13.6           289.2                       4            !
!     6.52E-07         13.6           278.9                       5            !
!     6.97E-07         13.6           268.0                       6            !
!     7.44E-07         13.5           256.4                       7            !
!     7.95E-07         13.5           249.4                       8            !
!     8.50E-07         13.5           242.6                       9            !
!     9.08E-07         13.5           235.4                       10           !
!     9.70E-07         13.4           227.7                       11           !
!     1.04E-06         13.4           221.1                       12           !
!     1.11E-06         13.4           215.6                       13           !
!     1.18E-06         13.3           209.7                       14           !
!     1.27E-06         13.3           203.3                       15           !
!     1.35E-06         13.3           196.6                       16           !
!     1.44E-06         13.2           189.3                       17           !
!     1.54E-06         13.2           182.9                       18           !
!     1.65E-06         13.1           177.8                       19           !
!     1.76E-06         13.1           172.4                       20           !
!     1.88E-06         13.0           166.6                       21           !
!     2.01E-06         13.0           160.7                       22           !
!     2.15E-06         13.0           157.1                       23           !
!     2.30E-06         12.9           153.3                       24           !
!     2.46E-06         12.9           149.2                       25           !
!     2.62E-06         12.9           144.8                       26           !
!     2.80E-06         12.9           140.1                       27           !
!     3.00E-06         12.8           135.1                       28           !
!     3.20E-06         12.8           129.8                       29           !
!     3.42E-06         12.8           124.1                       30           !
!     3.65E-06         12.7           120.1                       31           !
!     3.91E-06         12.6           117.1                       32           !
!     4.17E-06         12.6           113.9                       33           !
!     4.46E-06         12.5           110.5                       34           !
!     4.76E-06         12.4           106.8                       35           !
!     5.09E-06         12.4           103.3                       36           !
!     5.44E-06         12.3           100.8                       37           !
!     5.81E-06         12.2            98.1                       38           !
!     6.21E-06         12.2            95.3                       39           !
!     6.64E-06         12.1            92.2                       40           !
!     7.09E-06         12.0            88.9                       41           !
!     7.58E-06         11.9            85.6                       42           !
!     8.10E-06         11.9            83.1                       43           !
!     8.65E-06         11.8            80.5                       44           !
!     9.25E-06         11.7            77.6                       45           !
!     9.88E-06         11.6            74.6                       46           !
!     1.06E-05         11.5            72.4                       47           !
!     1.13E-05         11.5            70.4                       48           !
!     1.21E-05         11.5            68.2                       49           !
!     1.29E-05         11.4            65.9                       50           !
!     1.38E-05         11.4            63.5                       51           !
!     1.47E-05         11.4            60.8                       52           !
!     1.57E-05         11.3            59.0                       53           !
!     1.68E-05         11.3            57.5                       54           !
!     1.79E-05         11.3            55.9                       55           !
!     1.92E-05         11.2            54.2                       56           !
!     2.05E-05         11.2            52.4                       57           !
!     2.19E-05         11.1            50.7                       58           !
!     2.34E-05         11.1            48.9                       59           !
!     2.50E-05         11.1            47.0                       60           !
     
     
